 --- RESULTS --- 
Dataset topology:  1
Runs per dataset:  10
Algorithm:  SA
Operators:  [<function upgradeCells at 0x7f08f5625f30>, <function downgradeCells at 0x7f08f5625fc0>, <function swapCells at 0x7f08f5626050>, <function deployConnected at 0x7f08f56260e0>]
Initial deployment:  True
Notes:  T_ini = 10, T_end = 0.0001, alpha = 0.999, n_neighbors = 3 

DS1_U : [2.797430098623514, 0.007427091086161376, 0.9946000000000002, 1592.6, 27.41315245564449, 428.18296456336975]
DS2_U : [2.8936733610938306, 0.005523515435172591, 0.9949999999999999, 1609.3, 42.5528755174473, 861.5052315711976]
DS3_U : [2.8926455388555827, 0.007775072246274509, 0.9931500000000002, 1587.2, 94.88986353350059, 1732.1845444917678]

--- BEST FOUND SOLUTIONS --- 

DS1_U : [0, 0, 0, 0, 0, 0, 0, 0, 4, 0, 0, 0, 0, 0, 0, 0, 0, 4, 4, 0, 0, 0, 4, 4, 0, 4, 0, 0, 0, 0, 0, 0, 0, 0, 0, 4, 4, 0, 0, 0, 0, 0, 4, 0, 0, 0, 0, 0, 0, 0]
DS2_U : [4, 0, 0, 0, 0, 0, 0, 0, 0, 0, 0, 0, 0, 0, 0, 1, 0, 4, 0, 4, 0, 0, 0, 0, 0, 0, 0, 0, 0, 0, 0, 0, 0, 0, 0, 0, 0, 0, 0, 0, 0, 0, 0, 0, 0, 0, 4, 0, 0, 4, 0, 0, 0, 0, 0, 0, 0, 0, 0, 0, 0, 0, 0, 0, 0, 0, 0, 4, 0, 0, 0, 0, 0, 4, 0, 0, 0, 0, 0, 0, 0, 0, 0, 0, 0, 4, 0, 0, 0, 0, 0, 0, 0, 0, 0, 0, 0, 4, 0, 0]
DS3_U : [0, 0, 0, 0, 1, 0, 0, 0, 0, 0, 0, 0, 0, 0, 0, 0, 0, 0, 0, 0, 0, 0, 0, 0, 0, 0, 4, 0, 0, 0, 0, 0, 0, 0, 0, 0, 4, 0, 0, 0, 0, 0, 0, 0, 0, 4, 4, 4, 0, 0, 0, 0, 0, 0, 0, 0, 0, 0, 0, 0, 0, 0, 0, 0, 0, 0, 4, 0, 0, 0, 0, 0, 0, 0, 0, 0, 0, 4, 0, 0, 0, 0, 0, 0, 0, 0, 0, 0, 0, 0, 0, 0, 0, 4, 0, 0, 0, 0, 0, 4]
