 --- RESULTS --- 
Dataset topology:  1
Runs per dataset:  10
Algorithm:  LS
Notes:  Statistical tests 

DS1_U : [2.7902356356608435, 0.005623132193068072, 0.9694999999999998, 1416.4, 3.211466442652604e-05, 49.95318050384522]
     Best solution: [0, 0, 0, 4, 0, 0, 0, 4, 0, 0, 0, 1, 2, 4, 0, 0, 0, 0, 2, 0, 4, 0, 0, 0, 0, 0, 0, 0, 0, 0, 4, 0, 0, 0, 0, 0, 0, 0, 0, 0, 0, 2, 0, 0, 4, 4, 0, 0, 0, 0] 

DS2_U : [2.8999959775144637, 0.006943379602455924, 0.9962000000000002, 1502.0, 4.89339369450891e-05, 75.92778899669648]
     Best solution: [0, 0, 0, 0, 0, 0, 0, 2, 0, 0, 0, 4, 0, 0, 0, 0, 0, 0, 0, 0, 0, 0, 0, 0, 0, 4, 0, 0, 0, 0, 0, 0, 0, 0, 0, 0, 0, 0, 0, 0, 3, 0, 0, 2, 4, 0, 0, 0, 0, 0, 0, 0, 0, 2, 0, 0, 0, 0, 0, 0, 4, 0, 0, 0, 4, 0, 0, 0, 0, 0, 0, 0, 0, 3, 0, 0, 0, 0, 4, 0, 0, 0, 0, 4, 0, 0, 0, 0, 0, 0, 0, 0, 2, 0, 0, 0, 0, 0, 0, 0] 

DS3_U : [2.901638768302027, 0.0027506454236668467, 0.99595, 1486.0, 9.362300539781462e-05, 221.3098677635193]
     Best solution: [0, 0, 0, 0, 0, 0, 0, 0, 0, 0, 4, 4, 4, 0, 0, 0, 0, 0, 0, 0, 0, 0, 0, 0, 0, 4, 0, 2, 0, 0, 4, 0, 0, 0, 0, 0, 0, 4, 0, 0, 0, 0, 0, 0, 0, 0, 0, 0, 0, 0, 0, 0, 0, 0, 0, 0, 0, 0, 0, 0, 0, 0, 0, 0, 0, 0, 0, 0, 0, 0, 0, 0, 4, 0, 0, 0, 0, 0, 0, 0, 0, 0, 0, 0, 0, 0, 0, 0, 0, 4, 0, 0, 0, 0, 0, 0, 0, 0, 0, 0] 

DS4_U : [2.649076196132051, 0.007069323768777221, 0.9075, 4035.8, 4.746827556620996e-05, 295.30018360614775]
     Best solution: [4, 0, 4, 0, 0, 0, 0, 0, 4, 2, 0, 0, 0, 0, 0, 4, 0, 4, 4, 0, 0, 0, 2, 4, 0, 0, 0, 0, 4, 0, 0, 4, 0, 0, 0, 3, 0, 4, 0, 2, 0, 4, 4, 0, 0, 0, 0, 0, 0, 0, 4, 0, 0, 0, 0, 0, 0, 0, 0, 2, 0, 4, 4, 0, 4, 0, 0, 0, 3, 4, 2, 0, 0, 2, 0, 0, 0, 0, 4, 4, 0, 0, 0, 0, 0, 0, 0, 0, 4, 0, 0, 4, 0, 0, 0, 0, 0, 4, 0, 0] 

DS5_U : [2.8105642429242605, 0.004719311391929206, 0.9729000000000001, 4965.8, 8.664964755252866e-05, 664.8590039253235]
     Best solution: [0, 0, 0, 0, 4, 0, 4, 0, 0, 0, 0, 0, 0, 0, 0, 0, 0, 0, 0, 2, 0, 0, 0, 0, 4, 0, 0, 0, 0, 0, 4, 0, 0, 0, 0, 0, 0, 0, 0, 0, 0, 0, 4, 0, 0, 0, 0, 0, 0, 0, 0, 0, 0, 0, 4, 0, 4, 4, 4, 0, 0, 0, 0, 0, 0, 0, 0, 0, 0, 0, 4, 0, 2, 0, 0, 0, 0, 0, 0, 0, 0, 3, 0, 3, 4, 0, 0, 0, 0, 0, 4, 0, 0, 4, 0, 0, 0, 0, 4, 0, 0, 4, 0, 0, 0, 0, 0, 0, 0, 4, 0, 0, 0, 0, 0, 0, 0, 2, 0, 0, 4, 0, 2, 0, 0, 0, 0, 0, 0, 0, 0, 0, 0, 0, 0, 0, 0, 3, 0, 0, 0, 3, 0, 0, 4, 4, 4, 0, 0, 0, 0, 0, 0, 0, 2, 0, 4, 0, 0, 4, 0, 4, 0, 4, 0, 0, 0, 0, 0, 0, 0, 0, 0, 0, 0, 3, 0, 0, 0, 0, 0, 3, 0, 0, 2, 0, 4, 0, 0, 0, 0, 0, 0, 4, 4, 0, 0, 0, 0, 2] 

DS6_U : [2.821312806615874, 0.005683934267764651, 0.983775, 4939.3, 0.00017186880659495146, 1369.4153607130052]
     Best solution: [0, 0, 0, 0, 0, 4, 0, 0, 4, 0, 0, 0, 3, 0, 3, 0, 0, 0, 0, 0, 0, 1, 4, 0, 0, 4, 0, 0, 0, 0, 0, 0, 0, 0, 0, 0, 4, 0, 0, 0, 3, 0, 0, 0, 0, 0, 2, 0, 0, 0, 0, 0, 0, 4, 0, 0, 0, 2, 0, 0, 0, 0, 0, 0, 4, 0, 0, 0, 0, 4, 0, 0, 0, 0, 0, 0, 4, 0, 0, 0, 0, 4, 0, 0, 0, 4, 4, 0, 0, 0, 0, 0, 2, 0, 0, 0, 4, 0, 0, 0, 0, 0, 0, 0, 0, 0, 4, 0, 4, 0, 3, 0, 0, 0, 0, 0, 0, 0, 0, 0, 0, 0, 0, 0, 0, 0, 2, 4, 0, 2, 0, 0, 0, 0, 0, 0, 0, 0, 0, 0, 2, 0, 0, 0, 0, 0, 0, 0, 0, 0, 0, 0, 0, 0, 4, 4, 4, 3, 0, 0, 4, 0, 0, 0, 0, 0, 0, 0, 0, 0, 0, 0, 0, 0, 0, 0, 0, 0, 4, 0, 4, 2, 0, 0, 0, 0, 0, 4, 0, 0, 0, 4, 0, 4, 0, 0, 4, 0, 0, 2] 

DS7_U : [2.6005460556939335, 0.009073423918614452, 0.8813000000000001, 8645.3, 8.767830175261111e-05, 1832.4959664583207]
     Best solution: [4, 3, 0, 4, 0, 0, 4, 0, 0, 0, 0, 4, 0, 0, 0, 0, 0, 0, 0, 0, 0, 4, 0, 4, 4, 0, 0, 3, 2, 2, 0, 0, 3, 0, 0, 0, 4, 4, 2, 3, 0, 0, 0, 0, 0, 0, 4, 0, 0, 0, 0, 2, 0, 0, 0, 0, 0, 4, 4, 0, 4, 0, 0, 0, 0, 0, 0, 0, 0, 4, 0, 0, 0, 0, 0, 4, 0, 4, 0, 0, 3, 4, 0, 0, 0, 0, 4, 0, 0, 0, 0, 0, 4, 4, 0, 0, 0, 0, 0, 4, 0, 0, 0, 0, 0, 4, 0, 0, 0, 4, 2, 0, 4, 4, 0, 3, 4, 0, 0, 0, 0, 0, 0, 0, 0, 0, 0, 4, 4, 4, 0, 0, 0, 4, 0, 0, 0, 0, 0, 0, 0, 0, 0, 4, 3, 0, 4, 4, 0, 1, 4, 0, 0, 4, 0, 4, 0, 0, 4, 0, 4, 4, 0, 0, 0, 0, 0, 0, 0, 0, 4, 4, 0, 0, 2, 0, 0, 0, 0, 0, 4, 3, 4, 0, 0, 0, 0, 3, 4, 4, 0, 0, 3, 0, 0, 4, 0, 4, 0, 0] 

DS8_U : [2.7285965136036587, 0.005164843335999232, 0.944875, 9914.9, 0.00013623568385302132, 2715.5227488994597]
     Best solution: [0, 0, 0, 0, 4, 0, 0, 0, 0, 0, 0, 0, 0, 4, 0, 3, 0, 0, 2, 0, 0, 0, 0, 2, 0, 0, 0, 4, 4, 0, 0, 4, 0, 0, 4, 0, 2, 4, 3, 0, 2, 0, 4, 0, 0, 4, 0, 0, 0, 0, 0, 4, 0, 0, 0, 0, 0, 4, 4, 0, 0, 0, 0, 0, 4, 0, 0, 0, 0, 0, 0, 4, 0, 0, 4, 4, 0, 0, 0, 0, 0, 0, 0, 2, 0, 0, 0, 4, 0, 4, 4, 0, 4, 0, 0, 0, 0, 0, 0, 0, 0, 0, 0, 0, 4, 0, 0, 0, 0, 4, 0, 0, 4, 0, 4, 0, 0, 0, 2, 0, 0, 3, 4, 0, 0, 0, 4, 0, 0, 0, 2, 0, 0, 0, 0, 3, 0, 0, 0, 0, 0, 2, 0, 4, 0, 0, 0, 0, 0, 0, 0, 0, 4, 0, 0, 4, 0, 4, 2, 0, 0, 4, 0, 4, 0, 0, 4, 0, 0, 0, 0, 0, 1, 0, 0, 0, 0, 0, 0, 0, 4, 0, 0, 0, 0, 0, 0, 0, 4, 4, 4, 0, 0, 0, 0, 0, 0, 0, 0, 0, 1, 4, 0, 0, 0, 0, 0, 0, 0, 0, 0, 4, 4, 0, 0, 0, 2, 0, 0, 0, 4, 0, 0, 0, 4, 0, 1, 4, 0, 4, 0, 0, 0, 0, 4, 2, 4, 4, 0, 0, 0, 0, 0, 4, 0, 0, 0, 4, 0, 0, 0, 0, 0, 4, 4, 0, 0, 4, 0, 0, 0, 0, 0, 0, 0, 0, 0, 0, 0, 0, 0, 0, 0, 0, 0, 0, 0, 0, 0, 0, 4, 0, 0, 4, 2, 3, 0, 1, 0, 0, 0, 0, 0, 4, 0, 0, 0, 0, 0, 0] 

