 --- RESULTS --- 
Dataset topology:  1
Runs per dataset:  10
Algorithm:  SA-C
t_ini:  6.1
t_end:  0.0034
n_neighbors:  8
Notes:  Statistical tests 

DS1_U : [2.7413350989883667, 0.012983395400027516, 0.9731, 1680.4, 7.335034996179704e-05, 111.81385324001312]
     Best solution: [0, 2, 4, 1, 0, 1, 0, 4, 1, 1, 0, 2, 0, 4, 2, 0, 2, 1, 0, 1, 4, 0, 1, 0, 2, 2, 2, 1, 2, 0, 4, 0, 2, 4, 0, 1, 4, 1, 4, 1, 1, 4, 0, 1, 2, 1, 2, 0, 1, 1] 

DS2_U : [2.792392365681453, 0.014365805674385584, 0.9968, 2185.5, 0.00037505074230261595, 223.47206406593324]
     Best solution: [1, 2, 3, 2, 4, 1, 1, 3, 1, 3, 0, 4, 1, 2, 4, 3, 2, 2, 2, 3, 0, 2, 4, 1, 2, 1, 1, 2, 0, 2, 2, 3, 0, 1, 4, 4, 1, 4, 0, 0, 3, 1, 2, 2, 2, 3, 0, 1, 1, 2, 2, 0, 2, 0, 3, 3, 2, 0, 1, 2, 1, 2, 3, 1, 1, 2, 2, 1, 2, 1, 1, 1, 1, 2, 2, 1, 1, 1, 3, 1, 1, 1, 1, 1, 1, 2, 1, 2, 3, 2, 1, 2, 2, 1, 1, 1, 4, 3, 2, 1] 

DS3_U : [2.803264202271218, 0.013952808627940287, 0.99265, 2145.9, 0.0006651679341033332, 666.0102321147918]
     Best solution: [2, 1, 2, 0, 0, 3, 3, 2, 2, 3, 4, 1, 3, 4, 1, 2, 1, 0, 2, 3, 3, 2, 1, 3, 1, 1, 2, 1, 2, 0, 2, 1, 1, 1, 2, 1, 1, 0, 0, 2, 0, 1, 2, 0, 2, 1, 1, 4, 4, 4, 2, 1, 1, 1, 4, 1, 0, 0, 1, 0, 1, 2, 4, 2, 0, 2, 2, 1, 4, 2, 1, 0, 1, 0, 2, 1, 3, 2, 1, 4, 1, 1, 2, 0, 1, 0, 1, 2, 1, 2, 0, 2, 1, 1, 0, 2, 4, 1, 2, 0] 

DS4_U : [2.5567811272812753, 0.02521713779011446, 0.9112499999999999, 4802.1, 0.0001366744488208188, 603.9888914108276]
     Best solution: [4, 0, 0, 4, 1, 0, 0, 4, 4, 0, 0, 2, 0, 0, 0, 4, 0, 1, 2, 4, 0, 0, 4, 2, 0, 4, 2, 4, 4, 3, 0, 0, 4, 0, 1, 1, 2, 4, 4, 0, 0, 0, 0, 0, 1, 0, 0, 4, 0, 0, 1, 4, 4, 0, 1, 0, 4, 0, 0, 1, 0, 4, 4, 4, 0, 0, 0, 0, 0, 4, 0, 0, 0, 0, 0, 0, 0, 1, 4, 4, 0, 2, 0, 0, 0, 0, 2, 1, 0, 0, 0, 4, 0, 0, 0, 0, 2, 0, 1, 4] 

DS5_U : [2.5776087041217397, 0.013128470349517786, 0.9597999999999999, 8187.0, 0.0006280946055078626, 1610.6944071292878]
     Best solution: [2, 4, 2, 3, 3, 1, 2, 2, 4, 1, 1, 2, 4, 2, 1, 1, 2, 4, 4, 3, 4, 1, 2, 4, 2, 1, 1, 4, 2, 3, 4, 2, 1, 1, 1, 3, 1, 0, 4, 1, 4, 1, 2, 1, 3, 2, 1, 4, 3, 0, 2, 1, 4, 4, 4, 3, 2, 2, 3, 3, 1, 2, 4, 3, 1, 2, 3, 4, 2, 4, 1, 3, 2, 2, 1, 2, 2, 2, 2, 3, 4, 3, 4, 4, 1, 1, 2, 4, 1, 4, 1, 3, 4, 2, 3, 2, 3, 2, 2, 2, 2, 1, 2, 1, 1, 2, 4, 3, 1, 2, 2, 1, 1, 2, 2, 3, 1, 4, 4, 4, 1, 2, 4, 2, 1, 4, 2, 3, 2, 1, 1, 3, 1, 2, 1, 1, 1, 2, 2, 4, 3, 1, 3, 2, 4, 4, 1, 1, 1, 4, 2, 1, 2, 2, 4, 4, 1, 1, 2, 3, 3, 4, 3, 4, 1, 3, 1, 1, 1, 2, 3, 2, 1, 1, 2, 4, 2, 2, 2, 2, 4, 3, 1, 2, 2, 3, 3, 2, 2, 3, 1, 3, 0, 1, 4, 2, 2, 1, 1, 1] 

DS6_U : [2.595918080817196, 0.030565052051718035, 0.983775, 8194.1, 0.0012382330726935131, 3271.4652800559998]
     Best solution: [4, 1, 1, 1, 3, 1, 4, 4, 4, 4, 1, 2, 2, 4, 3, 2, 2, 4, 1, 4, 2, 1, 1, 2, 3, 3, 1, 3, 0, 3, 4, 1, 4, 4, 4, 1, 3, 1, 4, 4, 3, 1, 2, 2, 1, 1, 2, 2, 1, 2, 1, 1, 3, 1, 4, 3, 2, 1, 4, 0, 4, 0, 0, 2, 1, 1, 3, 2, 4, 1, 2, 0, 4, 1, 2, 3, 1, 2, 2, 3, 2, 2, 4, 2, 4, 2, 3, 4, 2, 1, 2, 2, 3, 0, 1, 0, 3, 1, 1, 4, 4, 0, 2, 0, 3, 1, 1, 1, 2, 3, 2, 1, 2, 4, 4, 2, 1, 2, 2, 1, 1, 0, 3, 1, 4, 2, 1, 1, 1, 2, 3, 4, 1, 3, 2, 2, 4, 1, 4, 2, 2, 3, 1, 1, 2, 2, 0, 2, 1, 1, 1, 2, 2, 2, 1, 1, 2, 2, 2, 2, 3, 1, 3, 3, 2, 4, 3, 0, 1, 2, 2, 2, 1, 4, 3, 1, 1, 2, 3, 1, 1, 3, 4, 3, 2, 0, 1, 1, 2, 1, 2, 4, 2, 2, 1, 3, 4, 1, 2, 3] 

DS7_U : [2.363711371885773, 0.021310351003230095, 0.910925, 12660.6, 0.00048192575380008005, 3865.051688194275]
     Best solution: [2, 4, 2, 4, 3, 3, 4, 0, 4, 4, 2, 4, 3, 1, 4, 3, 2, 2, 3, 1, 2, 4, 4, 4, 1, 1, 2, 2, 1, 2, 3, 0, 4, 1, 2, 1, 1, 4, 1, 2, 4, 2, 1, 1, 1, 4, 4, 4, 3, 4, 1, 4, 2, 2, 4, 4, 2, 4, 3, 4, 2, 1, 1, 3, 2, 1, 4, 1, 1, 4, 3, 4, 4, 1, 2, 4, 4, 0, 1, 4, 3, 3, 1, 4, 1, 2, 1, 2, 1, 2, 4, 4, 4, 4, 2, 4, 4, 2, 2, 2, 2, 3, 2, 4, 2, 2, 1, 4, 1, 2, 4, 2, 4, 4, 3, 2, 1, 4, 4, 2, 2, 4, 1, 2, 1, 2, 2, 2, 1, 2, 2, 1, 2, 4, 4, 2, 1, 4, 2, 1, 4, 1, 1, 2, 4, 4, 2, 1, 2, 4, 1, 3, 3, 4, 2, 2, 2, 1, 4, 3, 4, 4, 3, 1, 3, 2, 3, 2, 4, 1, 1, 2, 3, 0, 4, 2, 2, 3, 4, 4, 2, 4, 2, 1, 2, 2, 3, 2, 4, 3, 1, 3, 1, 2, 2, 3, 2, 4, 2, 4] 

DS8_U : [2.4213017933808403, 0.027834802261454888, 0.8419000000000001, 13644.6, 0.0007983452243564296, 5712.404472136497]
     Best solution: [0, 0, 0, 0, 3, 4, 4, 2, 0, 1, 0, 2, 0, 0, 0, 3, 0, 0, 2, 4, 0, 4, 4, 4, 3, 1, 2, 4, 0, 4, 4, 0, 4, 4, 0, 3, 2, 4, 0, 4, 1, 0, 1, 4, 3, 4, 4, 2, 1, 0, 0, 3, 1, 0, 0, 0, 0, 0, 3, 1, 4, 0, 0, 0, 0, 3, 3, 0, 0, 0, 0, 0, 2, 0, 0, 0, 0, 4, 1, 0, 0, 4, 0, 4, 2, 0, 0, 3, 0, 2, 3, 0, 1, 4, 1, 2, 4, 0, 4, 0, 4, 1, 0, 4, 0, 4, 4, 0, 0, 0, 2, 0, 0, 2, 4, 0, 2, 3, 0, 0, 2, 2, 4, 0, 2, 0, 0, 4, 0, 3, 0, 0, 0, 0, 4, 0, 2, 2, 3, 1, 4, 0, 1, 0, 0, 0, 0, 0, 0, 0, 4, 3, 0, 0, 0, 0, 0, 4, 1, 2, 1, 1, 0, 1, 3, 0, 3, 4, 3, 0, 2, 0, 1, 0, 0, 1, 0, 4, 0, 0, 4, 0, 3, 3, 3, 0, 0, 3, 0, 0, 4, 0, 1, 2, 4, 0, 0, 4, 1, 3, 4, 3, 2, 0, 0, 4, 3, 0, 3, 0, 4, 2, 2, 4, 1, 4, 0, 0, 4, 0, 2, 2, 0, 4, 3, 2, 4, 2, 0, 0, 4, 2, 0, 3, 1, 0, 1, 1, 4, 3, 1, 0, 2, 0, 4, 0, 0, 4, 3, 0, 0, 0, 0, 0, 4, 4, 0, 0, 4, 2, 3, 0, 0, 0, 0, 0, 4, 0, 2, 4, 0, 0, 0, 2, 0, 0, 0, 0, 4, 0, 4, 1, 0, 0, 3, 3, 2, 4, 0, 0, 4, 0, 0, 0, 1, 0, 0, 1, 4, 4] 

