 --- RESULTS --- 
Dataset topology:  1
Runs per dataset:  10
Algorithm:  COP-ALNS
t_ini:  6.1
t_end:  0.0034
n_jobs:  8
Notes:  Statistical tests 

DS1_U : [2.782359020074401, 0.010495202581183537, 0.9522, 1347.4, 2.9275013081664072e-05, 113.9412693977356]
     Best solution: [0, 0, 0, 4, 0, 0, 0, 4, 0, 0, 0, 0, 0, 4, 0, 0, 0, 0, 0, 4, 4, 0, 0, 0, 0, 0, 0, 0, 0, 0, 4, 0, 0, 0, 0, 0, 0, 0, 0, 0, 0, 2, 0, 0, 4, 0, 0, 0, 0, 0] 

DS2_U : [2.8797968123563082, 0.008322002367171446, 0.9844999999999999, 1523.2, 8.330522747013348e-05, 241.6196266412735]
     Best solution: [0, 0, 0, 1, 1, 0, 0, 0, 0, 0, 1, 0, 0, 0, 4, 1, 0, 0, 0, 3, 0, 0, 0, 0, 1, 0, 0, 0, 1, 0, 0, 4, 0, 2, 0, 0, 0, 0, 0, 0, 0, 1, 0, 0, 0, 1, 1, 0, 0, 0, 0, 0, 1, 0, 0, 1, 0, 1, 0, 4, 0, 0, 0, 0, 2, 1, 0, 0, 0, 4, 0, 0, 0, 0, 0, 0, 1, 0, 0, 3, 4, 0, 2, 4, 1, 0, 0, 0, 0, 0, 4, 0, 0, 1, 0, 0, 0, 0, 4, 0] 

DS3_U : [2.868416397849494, 0.012443350125986985, 0.98795, 1636.0, 0.0002595185234011651, 680.4609047174454]
     Best solution: [0, 0, 0, 0, 2, 0, 0, 1, 0, 0, 0, 1, 4, 1, 0, 0, 0, 0, 0, 1, 3, 0, 0, 0, 4, 0, 4, 4, 0, 0, 0, 0, 0, 1, 0, 4, 0, 0, 0, 0, 0, 0, 0, 0, 0, 1, 4, 0, 0, 0, 4, 0, 0, 0, 0, 0, 0, 1, 0, 0, 0, 3, 0, 0, 3, 2, 0, 0, 0, 0, 0, 0, 0, 0, 0, 0, 2, 0, 0, 0, 1, 0, 0, 0, 1, 3, 1, 0, 2, 0, 0, 0, 0, 1, 0, 4, 0, 1, 0, 0] 

DS4_U : [2.58890570381655, 0.015531831233543633, 0.8709999999999999, 4158.8, 7.587741416450633e-05, 575.9860768795013]
     Best solution: [0, 0, 1, 4, 0, 0, 0, 0, 4, 2, 1, 4, 0, 0, 0, 0, 0, 4, 4, 1, 2, 0, 4, 0, 0, 0, 2, 0, 0, 3, 0, 1, 0, 4, 0, 1, 0, 0, 0, 4, 0, 0, 0, 0, 0, 4, 0, 0, 0, 1, 0, 1, 4, 0, 0, 1, 4, 1, 0, 4, 0, 4, 0, 4, 4, 1, 4, 3, 0, 0, 3, 3, 1, 4, 0, 0, 0, 0, 4, 0, 0, 1, 4, 2, 0, 2, 2, 4, 4, 0, 0, 4, 0, 2, 2, 0, 3, 0, 0, 0] 

DS5_U : [2.7071216942148597, 0.01466819835398178, 0.9538999999999997, 6089.4, 0.0003083581773545339, 1812.8980251312255]
     Best solution: [1, 3, 0, 3, 0, 0, 0, 1, 1, 4, 0, 0, 2, 4, 1, 0, 1, 2, 2, 0, 0, 2, 0, 0, 3, 0, 3, 0, 2, 4, 1, 0, 1, 2, 1, 0, 2, 0, 3, 4, 0, 2, 1, 0, 1, 2, 1, 0, 4, 0, 0, 0, 1, 0, 0, 3, 4, 1, 1, 2, 0, 2, 1, 0, 0, 2, 4, 0, 0, 1, 4, 0, 0, 1, 0, 3, 0, 1, 2, 1, 0, 4, 2, 0, 1, 0, 1, 0, 1, 1, 0, 2, 1, 2, 4, 3, 0, 1, 0, 1, 2, 4, 2, 0, 1, 1, 0, 2, 0, 0, 1, 1, 4, 2, 2, 2, 1, 4, 1, 2, 4, 0, 4, 0, 0, 0, 0, 0, 1, 1, 1, 0, 0, 1, 4, 1, 0, 3, 0, 1, 3, 0, 0, 0, 0, 0, 0, 2, 1, 0, 4, 4, 0, 4, 0, 2, 2, 1, 2, 4, 2, 3, 1, 0, 1, 0, 1, 4, 0, 4, 1, 4, 0, 4, 4, 0, 4, 1, 2, 1, 4, 2, 0, 1, 2, 0, 4, 0, 0, 4, 3, 1, 0, 2, 0, 2, 3, 0, 4, 0] 

DS6_U : [2.7432880510533577, 0.010312395866480079, 0.959975, 5707.8, 0.00043175486980883586, 3352.2445640325545]
     Best solution: [4, 2, 1, 1, 0, 0, 2, 0, 1, 4, 1, 1, 2, 4, 0, 4, 1, 3, 0, 0, 0, 2, 4, 0, 0, 0, 0, 1, 0, 0, 0, 2, 0, 1, 4, 1, 0, 1, 0, 1, 2, 1, 1, 0, 1, 4, 0, 1, 1, 3, 0, 1, 0, 1, 0, 0, 1, 0, 0, 2, 3, 1, 2, 2, 0, 0, 1, 1, 2, 2, 0, 1, 0, 0, 1, 0, 0, 0, 1, 1, 0, 4, 0, 2, 0, 4, 1, 1, 4, 4, 1, 0, 4, 0, 0, 0, 1, 0, 2, 4, 4, 0, 1, 2, 1, 1, 0, 3, 0, 1, 1, 0, 1, 1, 0, 1, 2, 0, 1, 2, 4, 4, 0, 1, 1, 3, 1, 2, 0, 0, 2, 1, 0, 4, 2, 1, 0, 1, 4, 0, 1, 1, 0, 4, 4, 2, 1, 1, 2, 0, 0, 0, 1, 2, 2, 0, 0, 0, 0, 4, 0, 0, 2, 1, 2, 2, 4, 1, 2, 0, 0, 1, 2, 0, 0, 0, 1, 4, 2, 0, 4, 3, 0, 4, 0, 2, 0, 2, 1, 0, 0, 4, 4, 0, 1, 0, 4, 0, 0, 0] 

DS7_U : [2.443450149403375, 0.021434155126788937, 0.859775, 10477.3, 0.0003039240677705059, 3643.3610825538635]
     Best solution: [4, 1, 1, 0, 0, 2, 4, 2, 0, 1, 0, 0, 0, 0, 3, 0, 0, 0, 0, 1, 0, 2, 3, 1, 0, 0, 4, 0, 4, 4, 0, 0, 2, 4, 1, 0, 0, 4, 2, 2, 4, 0, 2, 4, 2, 4, 0, 2, 0, 0, 1, 4, 0, 2, 4, 3, 2, 0, 1, 4, 1, 0, 4, 4, 0, 0, 0, 1, 1, 4, 0, 2, 4, 4, 0, 0, 2, 4, 1, 4, 0, 0, 0, 0, 2, 0, 4, 2, 1, 0, 4, 4, 0, 0, 4, 0, 4, 0, 1, 4, 2, 0, 4, 4, 2, 0, 0, 0, 0, 0, 2, 0, 4, 4, 4, 4, 0, 2, 4, 2, 0, 4, 1, 0, 0, 0, 0, 4, 0, 1, 0, 3, 2, 4, 2, 2, 0, 0, 1, 2, 2, 0, 0, 1, 0, 0, 2, 4, 4, 0, 1, 4, 3, 4, 0, 4, 2, 0, 0, 2, 4, 1, 2, 4, 0, 0, 1, 1, 2, 4, 0, 0, 0, 0, 4, 3, 2, 1, 4, 0, 2, 0, 1, 3, 4, 4, 2, 1, 4, 4, 0, 4, 0, 4, 4, 0, 0, 4, 0, 0] 

DS8_U : [2.5280355381786057, 0.028506584257663257, 0.935375, 13889.4, 0.0007093126754288047, 5955.388360571861]
     Best solution: [1, 1, 4, 2, 3, 0, 2, 3, 0, 3, 1, 0, 0, 1, 3, 2, 0, 2, 4, 3, 3, 0, 1, 4, 1, 2, 4, 0, 0, 3, 4, 1, 1, 0, 1, 1, 1, 4, 0, 2, 2, 4, 1, 2, 1, 3, 0, 4, 0, 1, 4, 0, 0, 0, 4, 4, 4, 4, 4, 4, 4, 4, 4, 0, 2, 1, 2, 2, 2, 1, 1, 4, 0, 0, 0, 1, 3, 4, 3, 0, 0, 4, 4, 0, 1, 0, 2, 1, 3, 2, 0, 0, 4, 0, 4, 2, 0, 4, 4, 1, 1, 0, 4, 3, 1, 1, 0, 1, 1, 4, 1, 3, 1, 3, 0, 1, 4, 3, 3, 2, 1, 0, 4, 1, 3, 0, 2, 4, 1, 1, 2, 0, 2, 1, 4, 2, 3, 0, 1, 0, 4, 0, 3, 1, 4, 0, 1, 1, 0, 0, 4, 3, 4, 4, 0, 4, 4, 2, 1, 2, 4, 2, 2, 2, 1, 1, 1, 3, 4, 1, 4, 4, 4, 0, 0, 1, 4, 0, 2, 1, 4, 3, 1, 0, 1, 3, 0, 3, 1, 1, 0, 2, 0, 2, 4, 3, 0, 4, 4, 0, 2, 1, 1, 0, 0, 2, 3, 4, 4, 0, 2, 4, 1, 0, 3, 0, 3, 0, 2, 0, 4, 0, 3, 3, 3, 1, 4, 4, 0, 1, 1, 2, 0, 4, 2, 1, 4, 0, 2, 2, 2, 0, 0, 4, 0, 3, 0, 0, 2, 1, 0, 0, 1, 1, 0, 1, 1, 0, 2, 2, 0, 0, 4, 0, 0, 3, 0, 1, 0, 2, 0, 4, 4, 0, 1, 3, 1, 1, 2, 0, 1, 2, 0, 4, 0, 4, 0, 3, 2, 0, 1, 2, 4, 0, 2, 1, 2, 3, 4, 1] 

