 --- RESULTS --- 
Dataset topology:  1
Runs per dataset:  10
Algorithm:  SA-TABU
Operators:  [<function upgradeCells at 0x7f2414bc1f30>, <function downgradeCells at 0x7f2414bc1fc0>, <function swapCells at 0x7f2414bc2050>, <function deployConnected at 0x7f2414bc20e0>]
Initial deployment:  True
Notes:  T_ini = 10, T_end = 0.0001, alpha = 0.999, n_neighbors = 3 

DS1_U : [2.791307845701261, 0.012209474306171976, 0.9819000000000001, 1532.8, 27.877086576491525, 173.050057888031]
DS2_U : [2.89050439263094, 0.006226755161770264, 0.9937999999999999, 1623.4, 47.837568425155524, 365.39990093708036]
DS3_U : [2.892358450770603, 0.006171115733796967, 0.9914, 1576.3, 86.76198592656336, 701.3598188400268]

--- BEST FOUND SOLUTIONS --- 

DS1_U : [0, 0, 4, 0, 0, 0, 0, 0, 4, 4, 0, 0, 0, 0, 0, 0, 0, 4, 4, 0, 0, 1, 0, 4, 0, 0, 0, 0, 0, 0, 0, 0, 0, 0, 0, 4, 4, 0, 0, 0, 0, 0, 4, 0, 0, 0, 0, 0, 0, 0]
DS2_U : [0, 0, 0, 0, 0, 0, 0, 0, 0, 0, 0, 4, 0, 0, 0, 0, 0, 4, 0, 0, 0, 4, 1, 0, 0, 0, 0, 0, 4, 0, 0, 4, 1, 0, 0, 0, 0, 0, 0, 4, 0, 0, 0, 0, 0, 0, 0, 0, 4, 0, 0, 0, 0, 0, 0, 0, 4, 0, 0, 0, 0, 0, 0, 0, 0, 0, 0, 0, 0, 0, 0, 0, 0, 0, 0, 0, 0, 0, 0, 0, 0, 0, 0, 0, 0, 0, 0, 0, 0, 0, 0, 0, 0, 0, 0, 0, 0, 0, 4, 0]
DS3_U : [0, 0, 0, 0, 0, 0, 4, 0, 0, 0, 0, 0, 1, 0, 0, 0, 0, 0, 4, 0, 0, 0, 0, 0, 0, 0, 0, 0, 0, 0, 0, 0, 0, 0, 0, 0, 4, 4, 0, 4, 0, 0, 0, 0, 0, 0, 0, 0, 0, 0, 0, 0, 0, 0, 0, 0, 0, 0, 0, 0, 0, 0, 0, 0, 0, 0, 0, 0, 0, 0, 0, 0, 0, 0, 4, 0, 0, 0, 0, 0, 0, 0, 0, 0, 0, 0, 0, 4, 0, 0, 0, 4, 0, 0, 0, 0, 0, 0, 0, 3]
