 --- RESULTS --- 
Dataset topology:  1
Runs per dataset:  10
Algorithm:  ALNS-TH
Notes:  Statistical tests 

DS1_U : [2.7588555897895697, 0.021201209678771517, 0.9449, 1446.7, 3.824059434039025e-05, 104.99318079948425]
     Best solution: [0, 4, 0, 0, 0, 0, 0, 0, 4, 0, 4, 0, 4, 0, 0, 0, 0, 0, 0, 0, 4, 0, 0, 0, 0, 0, 0, 0, 0, 0, 0, 0, 0, 4, 0, 4, 0, 4, 0, 0, 0, 0, 0, 0, 0, 0, 0, 1, 0, 0] 

DS2_U : [2.88350975307514, 0.00914868830300252, 0.984, 1480.5, 7.494347347347678e-05, 222.61610193252562]
     Best solution: [4, 0, 0, 0, 0, 0, 4, 0, 0, 0, 0, 4, 3, 1, 0, 0, 0, 0, 0, 0, 4, 2, 0, 0, 0, 0, 0, 2, 0, 0, 0, 0, 0, 0, 3, 0, 0, 0, 4, 0, 3, 0, 0, 0, 0, 0, 0, 0, 4, 0, 0, 0, 0, 0, 0, 0, 0, 0, 0, 0, 0, 1, 0, 0, 0, 0, 0, 0, 0, 0, 0, 0, 0, 0, 0, 0, 0, 0, 4, 0, 0, 0, 0, 0, 0, 3, 0, 0, 0, 0, 0, 0, 2, 0, 0, 1, 0, 1, 0, 0] 

DS3_U : [2.883221545180155, 0.005790540828137582, 0.9823999999999999, 1473.5, 0.00014923231003813575, 696.4043965339661]
     Best solution: [4, 0, 0, 0, 4, 1, 0, 0, 0, 1, 0, 0, 0, 0, 0, 0, 0, 0, 0, 0, 0, 4, 0, 0, 0, 0, 4, 0, 0, 0, 0, 0, 0, 0, 0, 0, 0, 0, 0, 0, 0, 0, 0, 4, 4, 0, 4, 0, 0, 0, 0, 0, 0, 1, 0, 0, 0, 0, 0, 0, 0, 0, 0, 0, 0, 0, 0, 0, 0, 0, 0, 0, 0, 0, 3, 0, 0, 0, 0, 0, 1, 0, 0, 0, 0, 0, 0, 0, 0, 0, 4, 0, 0, 0, 0, 0, 0, 0, 0, 0] 

DS4_U : [2.585465149102246, 0.02014800494008636, 0.84605, 3923.6, 6.210220209071517e-05, 620.9799945831298]
     Best solution: [0, 0, 1, 0, 0, 0, 1, 0, 0, 4, 0, 0, 0, 0, 0, 0, 0, 0, 2, 0, 0, 0, 4, 0, 4, 2, 0, 0, 4, 1, 0, 4, 1, 3, 4, 0, 0, 4, 4, 4, 0, 0, 4, 0, 1, 0, 0, 2, 0, 0, 4, 4, 0, 0, 0, 0, 0, 0, 0, 4, 4, 4, 0, 0, 0, 4, 4, 0, 3, 1, 0, 0, 0, 0, 0, 0, 0, 0, 0, 4, 0, 0, 0, 4, 0, 0, 0, 0, 0, 0, 0, 4, 0, 0, 1, 0, 3, 0, 0, 0] 

DS5_U : [2.7362593115655653, 0.010626814881962855, 0.9421999999999999, 5498.7, 0.00020686270777247996, 1780.3223214387895]
     Best solution: [0, 0, 3, 4, 4, 1, 0, 4, 4, 0, 3, 4, 2, 1, 4, 1, 1, 0, 0, 2, 3, 2, 1, 1, 2, 4, 0, 1, 0, 0, 0, 0, 1, 0, 0, 0, 4, 0, 0, 0, 0, 2, 0, 2, 4, 1, 0, 2, 1, 1, 0, 2, 0, 2, 4, 1, 3, 0, 2, 0, 0, 1, 1, 0, 0, 0, 0, 0, 2, 0, 0, 0, 2, 0, 0, 2, 2, 0, 2, 0, 0, 1, 4, 0, 0, 0, 4, 0, 0, 0, 0, 0, 1, 0, 0, 4, 2, 4, 1, 0, 1, 0, 1, 0, 0, 4, 0, 0, 0, 1, 1, 1, 1, 0, 4, 3, 0, 4, 4, 0, 0, 0, 4, 0, 0, 2, 1, 0, 0, 0, 0, 0, 1, 1, 1, 3, 2, 0, 1, 2, 1, 3, 4, 4, 0, 4, 2, 4, 2, 4, 2, 2, 0, 0, 1, 4, 2, 2, 0, 0, 2, 2, 0, 0, 1, 4, 1, 4, 0, 0, 0, 0, 2, 0, 4, 1, 2, 0, 4, 1, 0, 1, 0, 1, 2, 0, 4, 0, 0, 0, 0, 0, 2, 0, 1, 0, 2, 0, 0, 0] 

DS6_U : [2.7533206274849817, 0.01696278452230196, 0.952525, 5505.0, 0.0003376163945530363, 3492.123251438141]
     Best solution: [0, 1, 4, 0, 0, 4, 0, 4, 0, 0, 0, 0, 0, 0, 1, 4, 1, 0, 0, 1, 1, 0, 1, 4, 2, 0, 2, 0, 1, 1, 0, 4, 0, 0, 0, 0, 0, 2, 1, 0, 1, 0, 0, 0, 0, 4, 0, 4, 1, 0, 0, 0, 0, 0, 0, 0, 0, 0, 0, 4, 0, 0, 0, 0, 0, 1, 0, 0, 0, 2, 1, 0, 0, 0, 0, 0, 0, 4, 0, 0, 1, 0, 3, 0, 1, 4, 0, 0, 1, 0, 0, 1, 4, 0, 4, 0, 0, 4, 1, 0, 2, 4, 0, 3, 0, 0, 1, 2, 0, 1, 0, 2, 0, 0, 1, 0, 0, 4, 0, 2, 4, 0, 0, 4, 0, 0, 0, 0, 0, 4, 0, 0, 2, 4, 4, 1, 0, 0, 4, 0, 0, 0, 0, 1, 1, 2, 0, 0, 3, 0, 0, 0, 0, 2, 0, 4, 0, 4, 0, 3, 0, 1, 2, 0, 0, 0, 0, 0, 0, 1, 4, 0, 1, 0, 0, 0, 0, 4, 0, 0, 0, 1, 0, 4, 0, 1, 1, 4, 0, 0, 0, 0, 0, 0, 1, 1, 4, 2, 0, 0] 

DS7_U : [2.5097244986660043, 0.0148641281857392, 0.8285750000000001, 8986.2, 0.00016135521066648514, 4063.787171983719]
     Best solution: [0, 2, 2, 2, 4, 4, 0, 1, 1, 2, 2, 1, 4, 0, 3, 4, 0, 0, 0, 2, 2, 0, 1, 4, 4, 1, 3, 3, 0, 2, 1, 0, 4, 0, 0, 0, 1, 4, 2, 3, 4, 0, 1, 2, 2, 4, 1, 1, 1, 1, 2, 2, 0, 1, 4, 4, 4, 2, 1, 4, 0, 0, 4, 4, 3, 0, 0, 1, 0, 4, 2, 2, 3, 4, 0, 0, 0, 4, 0, 0, 2, 2, 1, 0, 1, 0, 4, 1, 1, 4, 2, 0, 4, 2, 2, 0, 4, 0, 0, 3, 0, 0, 4, 4, 4, 0, 2, 0, 1, 0, 4, 0, 1, 2, 4, 0, 0, 0, 0, 1, 0, 4, 4, 0, 2, 0, 1, 2, 1, 2, 0, 3, 1, 4, 4, 1, 0, 0, 4, 0, 4, 1, 2, 4, 0, 0, 2, 0, 0, 0, 2, 0, 0, 4, 2, 0, 2, 1, 0, 1, 4, 0, 0, 1, 4, 4, 1, 0, 3, 1, 1, 0, 2, 1, 0, 1, 4, 0, 4, 0, 0, 0, 2, 2, 4, 2, 2, 2, 4, 0, 0, 4, 0, 1, 2, 2, 4, 4, 0, 4] 

DS8_U : [2.6008817058861022, 0.009665784812429957, 0.91985, 12025.2, 0.00044669710650599925, 6663.49814608097]
     Best solution: [0, 3, 3, 3, 4, 2, 0, 0, 2, 0, 4, 0, 4, 2, 2, 1, 0, 0, 2, 2, 3, 1, 2, 2, 3, 2, 4, 4, 1, 1, 4, 4, 2, 0, 4, 2, 0, 0, 3, 3, 0, 0, 1, 1, 4, 4, 1, 0, 4, 2, 2, 1, 4, 2, 0, 1, 2, 4, 1, 1, 1, 0, 0, 3, 1, 1, 4, 1, 2, 1, 0, 4, 3, 1, 3, 3, 0, 1, 1, 2, 0, 1, 3, 1, 0, 2, 1, 4, 1, 2, 2, 0, 4, 1, 1, 2, 3, 2, 1, 0, 1, 4, 1, 1, 1, 1, 2, 0, 1, 4, 1, 0, 2, 0, 1, 4, 2, 1, 0, 2, 0, 4, 1, 3, 2, 4, 4, 1, 1, 0, 4, 2, 4, 1, 4, 2, 2, 1, 0, 0, 4, 0, 0, 4, 0, 4, 4, 0, 3, 2, 0, 4, 3, 4, 2, 1, 4, 0, 3, 0, 1, 1, 4, 0, 4, 2, 4, 2, 4, 0, 1, 4, 3, 0, 0, 3, 0, 4, 3, 1, 1, 0, 2, 0, 4, 4, 2, 0, 3, 2, 1, 0, 1, 1, 1, 4, 1, 4, 3, 0, 2, 0, 1, 3, 2, 0, 1, 1, 1, 0, 1, 4, 3, 0, 1, 4, 0, 0, 0, 1, 1, 2, 0, 4, 1, 1, 2, 0, 4, 3, 1, 0, 2, 2, 3, 0, 0, 1, 4, 1, 4, 2, 1, 0, 1, 0, 1, 4, 1, 1, 4, 1, 0, 4, 4, 4, 0, 3, 1, 0, 4, 1, 2, 0, 1, 1, 0, 3, 0, 1, 0, 1, 4, 0, 4, 1, 1, 0, 1, 1, 1, 4, 3, 2, 1, 1, 0, 0, 2, 1, 2, 1, 4, 1, 0, 0, 4, 4, 4, 2] 

