 --- RESULTS --- 
Dataset topology:  1
Runs per dataset:  10
Algorithm:  ALNS-TP
t_ini:  6.1
Notes:  Statistical tests 

DS1_U : [2.7736966632411493, 0.010571089255403709, 0.9507999999999999, 1396.2, 3.238713709772339e-05, 104.65350840091705]
     Best solution: [0, 0, 0, 4, 0, 0, 0, 4, 0, 0, 0, 0, 0, 0, 0, 0, 0, 0, 0, 4, 4, 0, 0, 0, 4, 0, 0, 0, 0, 0, 4, 0, 0, 0, 2, 1, 0, 0, 0, 0, 0, 2, 0, 0, 4, 0, 2, 0, 0, 0] 

DS2_U : [2.881145431308213, 0.010653611286366282, 0.984, 1521.7, 7.499080669922366e-05, 212.91165623664855]
     Best solution: [0, 1, 0, 4, 0, 0, 2, 0, 0, 0, 0, 4, 0, 0, 0, 0, 1, 0, 1, 0, 0, 0, 0, 0, 0, 0, 0, 3, 0, 0, 0, 2, 0, 0, 0, 0, 0, 0, 0, 2, 0, 0, 0, 0, 0, 0, 0, 1, 0, 4, 0, 0, 1, 0, 3, 0, 0, 4, 0, 4, 0, 0, 0, 4, 4, 0, 0, 0, 0, 0, 0, 1, 0, 0, 0, 0, 0, 0, 0, 0, 0, 0, 0, 1, 4, 0, 0, 1, 0, 0, 0, 0, 0, 0, 0, 0, 0, 0, 0, 1] 

DS3_U : [2.8833770493342135, 0.006866699779038856, 0.9868, 1568.4, 0.00013749214187570855, 647.9147192001343]
     Best solution: [0, 1, 0, 0, 0, 0, 4, 0, 0, 0, 0, 0, 4, 0, 2, 0, 4, 0, 0, 0, 0, 0, 0, 0, 0, 0, 0, 0, 0, 4, 0, 0, 3, 0, 0, 0, 0, 4, 0, 0, 0, 0, 0, 0, 0, 0, 0, 3, 0, 0, 0, 0, 0, 0, 0, 0, 4, 0, 0, 0, 0, 0, 0, 0, 0, 0, 0, 0, 0, 0, 0, 0, 0, 0, 0, 0, 0, 0, 0, 0, 0, 0, 1, 0, 1, 0, 4, 0, 0, 0, 0, 4, 0, 0, 0, 0, 0, 0, 0, 0] 

DS4_U : [2.594615745110646, 0.013239576691816888, 0.86975, 4116.4, 6.813206467785138e-05, 643.4988204717636]
     Best solution: [0, 0, 0, 0, 2, 2, 1, 0, 4, 4, 0, 4, 0, 0, 0, 4, 1, 0, 0, 4, 0, 0, 4, 0, 4, 2, 4, 0, 4, 1, 0, 4, 1, 0, 1, 0, 2, 0, 4, 4, 0, 0, 4, 0, 0, 0, 4, 0, 0, 0, 0, 0, 4, 4, 2, 0, 0, 1, 4, 3, 0, 4, 4, 1, 0, 1, 1, 0, 0, 0, 0, 0, 0, 0, 0, 0, 1, 0, 0, 0, 1, 1, 4, 1, 0, 0, 0, 1, 0, 4, 4, 4, 0, 0, 1, 0, 0, 0, 0, 0] 

DS5_U : [2.716139676186839, 0.015732039977986303, 0.9372999999999999, 5668.8, 0.0002507456474757431, 1778.5003058433533]
     Best solution: [1, 0, 4, 2, 0, 0, 0, 4, 4, 0, 2, 4, 1, 0, 0, 0, 0, 0, 0, 4, 0, 1, 0, 0, 0, 0, 3, 2, 1, 0, 0, 0, 2, 1, 0, 0, 1, 0, 4, 0, 4, 1, 0, 3, 1, 0, 2, 0, 0, 0, 1, 1, 4, 0, 4, 4, 2, 0, 0, 2, 0, 0, 0, 4, 1, 0, 2, 0, 2, 0, 0, 0, 0, 0, 1, 1, 0, 3, 0, 0, 0, 1, 2, 0, 0, 0, 1, 2, 3, 0, 0, 0, 2, 0, 0, 0, 1, 1, 0, 2, 2, 2, 0, 1, 1, 0, 1, 3, 0, 2, 0, 4, 3, 1, 4, 2, 0, 1, 1, 0, 1, 0, 0, 4, 1, 0, 0, 1, 0, 4, 1, 1, 3, 0, 1, 4, 1, 3, 2, 0, 0, 0, 4, 0, 4, 4, 1, 0, 1, 0, 0, 0, 0, 4, 0, 0, 4, 0, 0, 1, 4, 0, 1, 1, 0, 1, 0, 0, 0, 4, 4, 0, 3, 4, 2, 2, 2, 4, 3, 0, 0, 2, 0, 4, 0, 0, 4, 1, 1, 0, 0, 1, 0, 0, 1, 1, 2, 4, 0, 0] 

DS6_U : [2.7488696027379342, 0.010035558557274183, 0.95055, 5463.6, 0.00036708533664101423, 3332.566193819046]
     Best solution: [0, 0, 4, 4, 2, 0, 0, 3, 4, 4, 0, 1, 0, 0, 0, 1, 0, 0, 0, 0, 2, 3, 0, 0, 0, 0, 1, 2, 1, 0, 0, 0, 1, 3, 0, 0, 4, 4, 0, 4, 1, 0, 0, 1, 0, 2, 4, 0, 0, 0, 4, 0, 1, 4, 1, 0, 0, 0, 2, 1, 2, 1, 0, 0, 0, 1, 0, 0, 4, 0, 0, 0, 0, 0, 0, 0, 4, 1, 0, 2, 2, 4, 1, 1, 2, 0, 0, 0, 1, 2, 0, 0, 2, 0, 0, 0, 0, 4, 0, 0, 2, 0, 1, 0, 1, 1, 1, 2, 0, 0, 1, 0, 0, 0, 4, 0, 0, 0, 4, 0, 4, 0, 0, 2, 0, 1, 0, 0, 2, 0, 4, 0, 1, 2, 1, 0, 4, 4, 0, 1, 0, 4, 0, 2, 0, 1, 0, 4, 0, 1, 0, 0, 4, 0, 0, 0, 0, 0, 2, 2, 4, 0, 0, 0, 0, 0, 2, 4, 0, 3, 0, 0, 0, 0, 0, 0, 0, 0, 0, 1, 0, 3, 0, 1, 0, 3, 1, 1, 2, 0, 4, 2, 4, 0, 0, 0, 4, 0, 0, 4] 

DS7_U : [2.470184343846815, 0.020720665345158484, 0.818875, 9147.8, 0.00022689044306549948, 4081.901558113098]
     Best solution: [4, 2, 0, 0, 0, 4, 2, 1, 3, 2, 0, 2, 4, 0, 4, 1, 0, 4, 0, 1, 0, 0, 2, 2, 4, 4, 2, 0, 0, 0, 0, 4, 4, 3, 0, 0, 4, 0, 2, 3, 0, 1, 1, 3, 2, 0, 0, 2, 0, 0, 2, 2, 0, 2, 0, 4, 1, 0, 2, 1, 4, 0, 0, 4, 0, 4, 4, 2, 1, 4, 0, 1, 3, 4, 0, 4, 0, 0, 4, 4, 0, 1, 2, 0, 0, 4, 4, 0, 0, 2, 4, 0, 4, 1, 0, 2, 0, 2, 1, 0, 1, 2, 1, 0, 4, 0, 1, 4, 4, 1, 0, 0, 2, 1, 2, 0, 2, 0, 1, 4, 4, 4, 0, 1, 0, 1, 1, 4, 0, 4, 0, 4, 3, 0, 0, 2, 4, 4, 3, 4, 4, 4, 0, 0, 0, 0, 4, 2, 0, 1, 0, 0, 1, 4, 3, 1, 2, 1, 4, 2, 1, 0, 4, 2, 4, 4, 1, 1, 3, 0, 1, 0, 0, 4, 4, 1, 1, 0, 0, 0, 1, 0, 1, 1, 1, 4, 0, 3, 2, 0, 0, 2, 3, 1, 0, 0, 1, 0, 3, 0] 

DS8_U : [2.574293829255175, 0.016116196990094887, 0.921775, 12535.5, 0.0005400580523454033, 6430.953316950798]
     Best solution: [1, 0, 3, 2, 3, 0, 0, 2, 1, 1, 4, 4, 0, 3, 2, 1, 1, 0, 4, 4, 1, 1, 2, 0, 2, 1, 2, 4, 0, 2, 1, 3, 1, 0, 0, 0, 4, 0, 0, 2, 2, 3, 3, 4, 1, 0, 0, 4, 0, 1, 0, 0, 0, 4, 3, 4, 4, 0, 1, 3, 4, 4, 4, 0, 1, 3, 2, 2, 1, 0, 0, 0, 1, 2, 1, 2, 0, 4, 1, 3, 1, 0, 4, 1, 2, 1, 4, 0, 3, 4, 0, 2, 3, 4, 3, 1, 1, 0, 3, 3, 0, 2, 2, 2, 2, 0, 4, 3, 4, 0, 0, 4, 0, 2, 2, 4, 0, 2, 1, 0, 1, 0, 2, 0, 4, 4, 2, 0, 4, 0, 2, 4, 1, 3, 0, 1, 0, 4, 4, 3, 0, 0, 1, 0, 0, 0, 1, 0, 0, 1, 4, 1, 0, 4, 0, 1, 4, 2, 3, 0, 0, 1, 3, 3, 2, 1, 0, 4, 2, 1, 0, 2, 0, 0, 3, 0, 4, 4, 2, 4, 0, 1, 1, 3, 0, 1, 0, 0, 3, 4, 4, 4, 4, 1, 4, 4, 0, 0, 4, 0, 1, 2, 1, 0, 0, 4, 4, 0, 0, 2, 2, 4, 0, 2, 2, 0, 4, 4, 1, 0, 3, 1, 1, 3, 0, 1, 2, 4, 1, 4, 2, 1, 1, 0, 3, 0, 3, 2, 3, 4, 0, 1, 4, 2, 1, 0, 4, 0, 1, 0, 0, 2, 2, 0, 0, 1, 0, 0, 4, 1, 2, 4, 0, 3, 0, 2, 1, 0, 4, 0, 0, 4, 4, 1, 4, 0, 1, 4, 2, 1, 3, 2, 0, 0, 0, 0, 2, 3, 1, 3, 1, 0, 0, 2, 4, 1, 1, 1, 1, 0] 

