# User's coordinates
84.8787871849844 15.947939406282774
77.58938095781508 61.038875019269724
66.59269969757328 96.64116539879515
16.94454832402871 51.08690154697627
41.50384655919744 25.416186462900615
13.242057568230193 59.09550780682215
42.81241697816355 46.663994041616
60.451649363092486 10.726651674286035
20.744537678663576 51.23462838708646
31.22736749899513 82.41765547968089
44.77326044206753 95.13523624179552
24.67750008010675 18.822861457023944
24.2933319012134 95.82296078225426
15.616306070985608 10.546700941483033
47.183388499733944 16.379015826334953
71.10232364657487 50.351494973885714
84.36868218164031 27.463731255902157
31.817759746179618 3.9809300776884826
67.33190145434084 52.438001829884264
25.928080329580837 20.094513963656844
7.612071339851045 18.03999919959779
94.49514914648434 14.911330462155059
62.561305063309746 51.899835371382416
15.635564731295759 2.395238753868323
47.17752012761035 96.63289810608566
49.72870904343338 59.54954150181704
61.19326716100383 45.680714941447285
43.26394280595589 65.93374153917961
88.00778529233617 48.5224757931493
98.84053473423506 66.18398651563454
54.87597384286699 40.54007058888058
3.629290908576288 88.77578880014306
43.55927583386385 74.12811103898632
30.6887104213591 92.77687285654144
42.219791773352355 87.12710787372147
65.58898381455953 0.12525689948826857
72.41674571071637 90.59555675468522
7.902658059639711 17.37977792637475
20.0561771713466 98.09231908012963
54.0497374546006 32.83788645380943
26.12717465264932 2.1535497503421097
10.50183694969502 37.76314218417311
20.173061139757575 66.50393412013938
55.30923112488717 86.33950780335046
17.352804767934384 43.24350489676297
98.22142567070318 26.13451786389299
66.58299063954938 12.30775618823261
67.33471470252641 97.61633792499444
73.69389701612448 45.74316507369195
38.21180706158247 0.9982210846609774
0.21038950456923056 44.789183763637695
80.33664427763175 84.75222122287555
82.11629083680269 67.54993607823175
83.51719316268039 12.495998390315165
20.639178066272812 5.65788600719197
21.616613261289174 75.27512131535066
26.632998100467653 93.02046325044066
24.30507729998732 84.25436777786322
84.19771755958038 18.09513205740704
96.39867191354557 42.591926807804946
94.38257312828486 80.0142899130167
17.913788556960785 11.245059296245529
50.56646244266616 80.26875417267891
19.488527994854977 23.077165654019183
24.06040118964583 75.09778025198484
7.645816723544918 35.379488419037266
77.35162742823091 29.20754924379956
5.4232375699202695 45.02250265323801
15.849655868496694 93.48190093945024
55.437801590893464 79.37389534431861
34.31347360033652 88.98807142577073
17.157844159961023 76.78194700871899
11.876783744293395 34.36965809847491
25.614949636151906 79.55936639987496
58.977535074787255 15.510262610045967
52.60352272040675 98.72216590115305
22.394444361078104 3.5226218533760068
8.11109663249805 23.139416278280756
42.07132960784785 52.31976465752827
89.02005785656428 15.627277105591164
93.41409945018894 62.289169755463924
90.4055582211009 18.6048857603903
91.73168052240234 64.70358771959987
63.487734368304515 71.3137929534965
56.44187303433819 24.548993869157897
48.970286107375074 45.318524314616525
15.97955674617837 89.162994362938
83.3987254616326 70.52563498922162
55.38766647680201 1.3817676192440675
87.86973350476393 75.24725330724294
77.71112845624842 33.29446144320451
73.16964745649742 41.97535559442529
11.201586152128684 13.300072811720886
42.340436762240685 85.85395471887315
66.49416736805634 40.66445973097464
79.418956052926 23.243620859532875
20.141943527637586 0.5324578588543738
42.821770789574686 75.85983048507565
18.680495969522394 36.6397627893394
1.5021724236007339 57.4107505227764
49.113297157093626 64.75283294391564
56.72196535874292 48.95143799993993
30.748522711171333 9.318463756761119
91.65166331512586 10.95677547942694
68.70607552205566 39.28307524063649
22.604732448376662 17.567996040423893
16.110504783767745 60.595793288746
41.34924481953598 29.555015983785815
37.537365297081095 69.37655876926033
72.4717115343805 16.212273272442502
78.21236900401942 85.06943595151033
87.52851197062951 74.16717766477389
68.76859620559873 82.03535421221133
55.63182183696795 91.9795772068564
81.28427146919616 97.53055501515139
99.61072730070913 48.53545488605807
57.508151372372254 58.92406482835455
79.0345982255652 62.68945675088102
24.922143793999286 98.76907871305272
58.89474425788309 95.33283056754304
51.217421745604376 12.019782539715585
15.609475972205477 54.45165915307063
11.160797363759434 91.48396959577383
21.95056756986753 78.31635467393994
26.38357640985516 71.77213002890059
26.842130713593182 94.66325190168055
22.149447802670718 35.744887004937155
49.88398869583628 89.63907549036767
81.29494599094443 44.06152401325924
30.342250629913657 51.474704673330315
37.19774463698473 88.03440451410806
74.26625998438875 58.57583296043606
51.63996143502639 84.14240259351202
15.994084492101567 68.99943562950833
56.81930829994106 7.154185507122246
60.183195908840695 28.52666518573159
60.366672466079265 13.309976439946691
31.805911824865763 11.11260519562195
61.474550287450484 37.65059733717149
85.29749457791989 48.649789603785806
35.68249244511691 42.52532615839524
39.21412616840053 39.24260930400917
28.136557238055847 93.39151940503372
90.37580074292147 19.767145129116514
61.75519796951612 24.498513365547126
46.621799646655916 38.906945294932704
78.96312820179038 24.984019136719603
92.56473449394291 71.32891878815137
8.32381739096465 83.71777608014838
6.217942070538562 3.2240865030943366
13.293971697942597 26.553961648885682
53.73964658167375 58.3431387504599
34.62383710752075 70.79185956989869
8.575139424626455 70.00920681090783
46.49055294183457 81.29120044118558
73.76542466753662 37.37904477003351
47.15341262983949 89.26880432605678
55.243626075625066 67.53506220750083
61.10902161961241 29.296398956916804
26.261836140149253 61.596203848143006
59.93551260710568 23.22997012634992
91.89491215401489 60.05880976332655
66.51688621653278 54.984182364382406
46.73913978039829 89.93398447824079
27.05717004391166 45.684006981624655
92.81869240451489 46.27036544241676
27.498194322254122 15.117238608944971
19.417610888843484 32.46775161574891
69.32809513608092 28.00816127378495
39.13557540899679 19.533085626077273
0.052122367645812684 55.87398373057888
74.74485349601059 5.789823010619521
33.77472646049829 11.36308268350562
58.11872072553932 94.87679453581967
57.1577147976467 21.316996282529345
24.61035709729893 91.85569410404233
51.33314387545648 56.62205529357017
53.359616297336764 81.19425391818426
77.9505751200897 63.36572569017764
38.81514902954608 26.557489254712852
21.31144347787646 27.808979890372076
38.66422446155659 41.55939590849436
29.735981237812137 20.777574487687435
96.43140212050308 66.45692218287017
12.054205787641791 25.180407615053213
74.0167056615539 97.12791024431519
34.13776444170533 68.89555759449306
31.987681553805746 95.54905925623721
23.79658506878435 17.456232962525863
49.23769877402536 5.636228454685432
37.34790643051548 42.74964606504184
76.45833535789963 26.40011286235131
59.362742814720384 52.818761240938926
89.0760528790289 69.72687113790957
15.57809845671695 97.25803319260629
51.14475991957536 63.65791942973622
0.9672860036886943 81.44001107490656
97.00991904660273 86.62936564427291
99.71629181121598 15.249601054031803
56.13921510860768 89.91959402438503
65.76618331733954 93.51954409720616
20.510003559917667 82.70785884658444
59.01963173491157 70.26356509728761
20.535505018322375 8.747842214225866
54.53655466246875 16.677928112547992
90.60346744626293 3.1713430543457544
90.02935782400213 66.68510824346845
1.0822570899944983 5.249527016945921
20.232415333651854 28.99791760142829
69.55092426662593 18.422039736710396
63.40314655224252 47.599344355987114
56.37140135783729 44.978904530967526
80.9013924064296 41.64177124397336
30.44331423736533 70.82807056828979
22.131408077614434 41.88367198664283
3.923222889194178 41.73837267012831
6.6837217209037565 39.431868335091
73.31309595715605 49.31673863271021
13.038721576698665 81.75785866981518
82.97785695828057 88.47406908880569
19.420751016537395 36.98404422345002
77.21959668579251 75.89141041908121
13.457934199171417 78.11167633286226
8.451321236200094 3.366722752121043
3.898908667424106 68.86349263470495
68.66015947275878 31.537863130304068
9.69887443567734 4.300550159548811
78.37373543430574 39.797267785095
69.05224068601115 82.00813575094102
83.36910603331778 21.852013662769522
26.786751672302135 50.317027936631895
43.06303504246115 99.31860951076817
94.93584175845089 40.64366523657378
72.15716959576727 93.18963079784565
76.88951703910791 7.505763189008741
60.32413108673331 68.3763046490208
88.73397490717558 89.99476213987859
7.469961766780687 70.16868631953331
15.645429307232995 35.67617245701419
62.06300203272151 35.14903117727884
4.944221660982684 5.053435821263131
21.332861617557853 14.932271431958943
15.13303283189613 27.1675434834035
1.0059961705817244 54.50405440269901
78.85628560700285 77.36768878883505
56.86391928305788 49.752708264974125
57.01794822365639 78.16913229732798
31.562789016779135 13.40983442537066
54.13175174420748 56.99391286315668
4.814655926618605 94.58747176939643
14.461779918907736 32.64748843526171
83.18764319184656 5.760652291117152
8.08605230288466 21.70912533241878
65.8829016440982 84.93947609180479
85.51738857545203 74.65957810908598
14.234569775796558 4.989611562359475
47.734786051874 0.4191237448114893
4.688160822841536 24.983375926234118
0.3038393064147549 43.97278007868655
61.15619515354241 11.34036882483651
42.53494445303989 59.97677639183113
73.26227851485856 55.218581136809384
2.686519954292632 69.90588959441685
94.07773800193941 43.818412309934686
45.16548864582409 69.69455806226189
62.20028042185605 66.24953072617627
53.82662753844456 60.714933171448415
88.02238306919405 65.21875053114168
78.5945716344477 76.59864438133566
35.03578946035201 11.001350020765244
33.41964814110581 41.37300416853187
27.109917204763477 30.273040340837866
76.32203801967444 47.14523988979297
16.018767150541013 27.562841150722882
82.24515288608912 63.05094349789854
52.310126307295114 94.75348332615762
49.85792804438244 24.7257812558209
80.77886474113157 7.982279461308462
64.71112903982275 78.05717812329787
24.39545292407366 53.52704120698078
83.66929065833595 4.362838069154506
58.14543401768286 4.23944671577109
58.91580270416191 57.094733545705914
18.108368144218822 40.12576669511551
29.183924116294435 95.18054526380683
98.006865961302 6.049406604482133
77.36871122624753 88.09635673899304
81.69672531583365 99.71700744998157
65.77395844587708 42.965132986182944
47.63845267955645 8.455202258604299
16.219455011490126 71.01962824862625
91.95053470003278 6.757245628174912
37.40250908898503 64.23481808883989
44.41215336226584 69.13923860212293
13.132114998556021 57.03402398682999
72.20048530144263 30.996706882135506
28.79405898021551 60.57385928563883
46.26001761587578 44.65704371055552
82.98032152433721 95.09792780463575
26.636354699176636 7.819525487615564
51.33123705827578 83.72928153494514
26.83654305197225 30.1768182372376
39.55850837822378 92.46094825091602
75.9800251336461 47.19218538161658
34.51305810311489 29.789765135720558
15.59172242726129 58.64099781022707
44.46719738720427 2.906760676271314
32.40128517601957 67.75199881676399
91.54025491354096 49.86842367310701
52.60713680475798 72.37008278248906
47.51240551687891 30.8141775001746
71.26748599960739 20.36056202868277
86.54095463011897 38.920877014619336
62.11007455747848 80.77252093656956
98.86934147529946 12.034693373170569
1.8910213756758498 42.18105088655301
63.36107783567822 7.045299803771177
60.74139826506176 14.735529434326022
2.030496268409898 2.970327743189094
87.15253141982103 0.39187512176287465
90.19438870154703 62.86500168594181
80.84433433112854 96.1286272751297
74.32296721745925 37.26688452154373
19.982126761701867 33.18244736299222
61.38416534779928 6.335697492681125
12.999336426657804 63.463765025130726
57.02542193909477 17.622349570038807
53.02541614145 75.04439404934956
88.3792200539886 69.18442180946161
61.561056386116995 47.216597499720834
49.04500389270455 83.39422409696809
66.8893802728301 56.1840875162946
31.153676574938814 75.53650167638895
17.513898618267167 19.973899164442145
97.66459416402871 89.8430307041891
42.08630041310338 2.1054250889631976
30.89623216336883 67.54913605848141
83.55530734942845 82.42327923441913
11.102002678224753 60.93372888419823
35.098150019002716 26.0097501315952
0.0073789089045761536 89.94911457933034
88.37425943591116 17.029243173661
38.537846705369695 78.08574055856346
3.3573115704353285 6.98876538097003
34.920567125589294 86.12464357674668
75.58804552688945 2.7249804579459136
15.169297498090994 13.26066044068287
65.66746623177306 98.36552436240031
62.33883910556144 69.75558800050634
78.20067158868864 82.26615952574238
75.97405883356487 65.13313166993322
83.2683035822507 33.38140293370755
14.91077052333435 4.5130692617381225
42.8730654757282 54.775832849656595
83.31320123305593 40.280465352412996
75.81403695319042 32.67065949870464
68.72207865905166 28.31537457494766
78.81759475693887 54.00792201255705
99.45970441165474 56.504195495945254
93.57336604463035 39.81920935487183
1.9031546848846115 73.58982304420269
76.11265517777538 70.23490161585767
33.24152666877698 60.92170622429969
31.808086188702987 12.75520959921337
30.167700395548792 88.0846933198575
85.97482443670465 72.16475282320496
93.87976264013031 85.39111471401533
13.575101444965354 77.8671012745456
83.93840454384771 69.4543786232585
19.57030623082622 76.56932920094283
48.91451932009492 54.03653410254229
7.162861541611165 62.54701781296617
20.115818923422147 76.66646522357694
24.715701510794542 83.28106675562785
25.472468967420248 79.4379077490828
24.379129625312924 10.277050619266637
48.50870289872725 5.772435668724141
8.741471565289638 1.5598216324194114
3.2068797980303376 5.694486274004729
57.20926490287188 37.18412624452705
53.30995800508974 47.269512177436454
63.80321522959876 65.9082360869035
99.6066275553137 25.56440336640683
21.628803518932138 20.364850974058022
25.864028622397363 82.5323106334402
30.998908678269654 18.551568789200445
6.862244958289265 83.83466888706505
49.42577306655441 44.869031437856044
7.928932647288168 2.490949250003016
72.70396662117918 40.90861578718569
9.352191704810242 80.1157943828105
39.79007300609604 38.51106608800598
68.72435431765325 44.82010013303266
98.66685870724824 60.92081046847518
4.08207135192834 98.27787390881791
9.57759201014835 35.55347930435497
65.56252866259447 88.74611786408218
44.8321797606465 8.228640025799994
73.73906705745277 80.72172320697216
45.21398034229945 51.01377032474387
44.642669683940476 74.52545922959955
37.166494143761454 28.674837405264753
61.16062715187368 17.923814185013054
84.4401977913951 29.305375930505107
32.76184825365059 50.155596322928794
22.061460803737255 58.52017848112718
32.38438666724408 26.01111898790259
96.29740927416354 36.5125455920804
70.6085020819817 65.13206561577914
33.959737053489135 68.17939234561116
10.34131185451882 84.102759659916
71.37170113318156 22.705369773631435
72.83154988931499 7.892071970991454
1.6497575898280603 0.7550112153722366
45.05893904093623 43.336729574799016
32.463085127267675 9.983108068114642
84.71877288016454 64.43408490482491
68.67897090455276 17.045028343822533
71.43044613686591 32.55731646523618
44.42040547195645 34.40095151696778
1.5163491388903827 8.42224405618408
90.52698593449712 60.290214849988864
72.82477361949877 83.00050092722945
37.95169602619105 91.34539465633003
81.97580146724826 34.78904698693298
48.91023392329944 32.71184692214456
86.73324553730608 76.72780725662349
53.309713080042606 70.76907067780681
50.58325805777751 62.16311321687393
70.84036393938501 85.38993142318893
98.15952662363937 75.59568021533946
61.79649739903507 78.91752638455759
91.3285303457982 9.92902305884471
36.07843413403771 66.10527102241434
68.41895660720712 90.77570150309965
21.8660636087063 75.72201774390328
0.8461731915046844 37.00523197039832
64.07497465290838 97.20657554449541
65.17701957520326 15.83421661368617
60.3418607113334 33.03428431660116
2.760554045389818 22.1375015163943
68.3300157826286 77.64526551130221
22.047606154509513 39.478445867207945
46.64476122565727 72.23571812880687
3.772171449972217 30.574460626353716
69.9196587196627 50.420734077852444
97.5244824326879 97.102969763105
85.53147001673773 75.33197893999358
65.29880023312626 87.24294760097345
69.30819179990002 11.077615510635807
8.598761597802273 72.20596257345642
71.11997994878963 55.5240785655235
71.62595533480686 31.62215948313293
33.36090383019562 18.76442674367963
93.0797983650538 94.87497620619044
88.1608871509452 13.919126227976141
43.56227861788473 22.328782148648752
78.29334878957425 43.717215098155606
3.476583044950765 89.42976941473388
28.304735899413892 67.734056113348
22.04444890653847 46.999082723589794
34.61511279927948 72.81744900814509
7.122027433245181 49.945555594246905
34.73503541345424 77.52813205801553
96.63604281210935 21.209550973140757
93.15069982711091 34.629394274794166
89.92966606482541 93.00431368336692
31.756583685160066 1.6457965556801568
25.364944287068468 61.28157044664928
56.670156060602274 64.09907322963507
77.50300133426248 66.85465837232472
64.873128966007 20.705207575530494
54.695784542510694 7.538690600728537
35.8337178311689 34.842179421007934
51.257458635215535 99.00403056001107
14.920110817355814 99.68109249241122
1.6449002699469473 83.33201720248965
41.52827926769538 48.97224245463986
1.820844138811628 51.740736543229296
29.623052150855333 26.389082137072894
38.488469939938696 48.3900366096689
25.446469603795606 0.6450104178741367
28.357078336243923 36.32729663841544
28.952877104007733 59.569981941112424
23.61966491141746 23.3076646665335
49.554397948693186 20.692737151018704
5.580158465837981 69.06203273887152
83.99601969829055 93.57600775086297
41.34135714198739 50.71526931538186
51.89672793733252 29.174111323248752
50.162081413577056 96.12581951252656
63.03085203257785 79.22210606110517
51.523179100840466 28.834368092491523
77.61386114900354 35.77176879534447
99.35687731922216 56.08984770596249
10.360601793164825 95.57805560005588
18.431733040109965 0.29994249057706535
52.28893982129903 3.8784291689749617
90.40629418550803 11.519535737676556
41.9607583824277 92.89567462718696
52.63848979203917 19.92258132478192
42.96912773750482 14.210186464608599
77.42042989969484 73.03606914768326
29.63861142964246 76.54626094639477
69.2134658122281 60.933424738964106
30.934977249161577 15.796032523356441
17.21472888696425 60.59074964419756
65.01877102796063 49.88102966266864
88.28715462949653 93.35476088558407
78.0669414503108 94.3513041637915
68.90160266589474 80.84080210404333
20.70925561873288 10.927103949198337
8.594533080338318 77.83622946168332
46.3353878264281 13.824913832486052
93.21241821814866 67.02245644672325
65.68265972674432 22.58609134549008
90.2445458399834 76.08614940348454
35.74920702774832 17.0329578007271
46.70702013976846 97.73906526355461
17.80686741114654 10.22090104552299
43.7853153834471 44.42580460083617
48.021377577129066 27.17919938343639
27.00910403451714 20.27537800702358
63.82333938758037 91.30034396633751
70.72835402254837 99.46768348393991
1.1798914457390564 37.16519915989952
66.58764532872338 42.53257738532168
56.47792783874379 31.344307218639955
39.638045932202424 87.44618156725986
42.18146714371647 59.949878135483736
37.98761259426395 77.75369576036566
70.08907766450157 30.314513137778697
83.13375458517325 51.39167610451961
18.85149051428625 19.129798203795122
8.449650825194466 7.4197165405215255
32.88225190457001 52.620238610276246
40.446496910977494 51.6455122619895
95.31308933249728 61.53590513344255
0.33342299710772405 33.94171272073642
56.85740760150786 96.75007217180315
47.850943495620626 74.16952333404642
84.21567549051244 32.15667735683859
67.28561955577506 35.92253170615248
30.339160251650522 51.71435138462227
47.421751304463996 96.37108871206033
33.64749812562652 71.52345232250882
77.81999409692189 84.39975765502113
89.48336394676605 76.47426393173869
42.2700050021858 43.38359108203722
60.92691048438722 75.86699981197768
70.0712936406003 70.9622025762826
47.41055337925447 8.81860550826482
43.425185310614786 32.65069618006892
19.78011632562129 17.621270941156286
82.11112823441658 94.32299752903194
36.900015419864076 51.81764105986309
48.87831655467576 96.73259487303129
33.066532613008434 46.47850736144372
20.357097565084604 0.36667984489772154
53.04170736198125 97.3637001578777
69.72704591423431 92.61271008930919
72.74319499354107 70.39986258335885
60.13514726544229 28.21288705724627
12.49550379206763 31.605211660178444
55.084559025687874 73.27260465147384
21.56653740306721 82.12529226244119
64.80048712789869 76.68555782387108
55.10511944590735 87.55117396696768
3.991093683034619 87.68202035946653
73.92843574235819 94.12317175599418
32.03465869818628 50.8203144078002
72.23234035724188 28.505739572277598
63.992561678415015 41.361364817069514
1.4152991448911356 49.032146388997475
84.01577402824262 87.06145955619765
5.642521882913587 1.4736244954792865
24.414930656574796 87.01310241425385
71.53711555270877 98.33769128676101
50.64169593230907 82.71469772777725
54.52227194784167 78.13632321101724
39.01520508540839 43.860547978972264
76.31688850821809 80.00940497673854
98.04185752721692 25.858062512635115
21.581536249314905 48.48470929254658
95.41286949210593 48.86424954106165
21.11459912988185 96.51600775807087
27.289731831992093 54.13092099871671
61.44437836798852 39.42423776141884
75.6326258861576 34.387710673763806
36.04500962361102 80.65745556150792
88.94807044876187 37.89792006241658
5.662366836849165 88.93167305400128
52.71201383612841 18.645531277214435
61.22889376528771 6.081063849722157
91.76438962355964 66.16212689753345
44.06827086548486 3.359093797835211
95.9307803670047 82.31202727430838
84.50657013256368 8.211507055568246
13.486231901313417 49.49434793386891
82.2801952871692 65.80675849611079
39.57770223029324 71.66392584713105
59.21350376748607 53.43194586681261
37.100134402121235 21.153287902556695
37.67714423935158 95.80108921226956
31.59884850906639 15.867857211438686
28.50123351091599 96.17292737516506
49.63760715948374 40.24270861983559
74.99749682214679 45.85410527427369
51.47310864502621 29.922991067703443
23.54610218350829 20.681871568981457
7.357947172492918 55.686680549625834
62.92463971006743 56.93124831026639
7.968940444534778 87.87421739143493
54.472297911651104 13.619234524026558
99.8540692010206 70.5879252497762
27.080430608170193 60.41878400587859
48.27048029796589 18.709137141704513
74.62829473735673 6.728784361996265
35.37878133508323 72.77925832251267
22.086187201174525 49.61009317948445
92.2431191032764 55.29305739264465
32.810737254336175 53.914987969125264
29.733371265848184 66.20149269400069
49.95679260187532 56.74184420400196
65.7311667755394 98.12923232296897
46.739504858120675 40.73375381023474
32.53694536975351 45.599829258005066
24.3724404304108 87.06196606009782
21.64481209216379 56.717036325538615
93.36884769230784 7.4812678548862195
89.02090611215137 46.38526470337471
47.09905987184908 42.03158029537569
62.167381172521075 29.38305888289946
38.8220557050584 88.47963464818905
18.27655083757471 32.08621660526118
41.324116359051075 9.652442524114068
5.356161674887505 66.96256393697834
62.72964378329186 19.078671132743143
91.58190625801802 29.32454801632397
21.5641501741329 98.05667752254429
93.10550781256327 20.440745713499233
55.215945844689074 98.02947693421113
24.887219531186698 73.55502330306852
69.09814276557059 25.369603328767077
92.21851167216495 95.58404979898415
9.16169558006682 50.45242913711697
43.24353841746247 2.6236979084265366
35.90356879897192 75.0570793421548
16.826654429839227 52.36809086931245
7.163058482310403 76.87815841917724
81.37528477455645 90.7192379352709
12.925165405937966 32.50535723584671
5.632083016605193 17.682041455229868
91.66248769593177 74.04466918364143
88.7858881229459 70.29129519883865
31.672235746899524 67.00964873495636
71.15773230456074 16.91672129589339
3.93376699650958 29.66467869227163
82.24930399504669 98.92651040637065
43.05889497060448 53.71251672592112
54.88841168499251 38.94665944694069
70.07573722408073 60.09237723999632
65.59730369410242 26.87276304945009
15.476123510551032 82.5479022541035
5.74353613103995 51.306222410897504
91.4158437751067 14.208959431168477
88.53535478601792 10.247494509901022
31.506134375343077 6.901262468796665
64.43175547713463 60.18220722061274
81.83722168908486 96.24466121244181
62.0534462790881 89.24804774915266
11.804363798184736 36.8880437776219
26.928610419949408 7.638703267543823
8.312462510077378 60.14259986038331
32.72276903895575 2.9987113064110393
77.85545577646025 96.83278971409486
80.92383820244997 77.121959979481
52.43201789848493 42.526698932367246
87.08993221090151 87.50169910037907
2.533634832765763 3.9504607547470982
93.87072073270359 28.684912426458975
1.3392879628591592 25.190968761464283
99.22644509561133 9.222452523405655
54.436813518401635 75.82105887760976
79.06807084620776 22.703914502952273
93.55223871973965 58.24896196093478
3.419644092904872 32.03637039327973
53.13270617222386 4.147888827712709
40.37686798187844 40.70681519919961
22.244283244271145 37.82458605305615
39.93907435436721 76.46900593230329
78.70058212747047 60.8249936986238
72.25015036600469 32.8385694697813
33.41137989372896 91.65187278126061
29.047398115027857 23.7079950994171
77.03779052709167 75.83159490486192
45.20957656966962 55.86257766547512
2.670332016865362 98.3841922064189
1.0776925937380444 14.879320168697186
72.39452149672483 13.947703541313528
90.54981758314634 88.23573638351388
81.68158038669921 55.34443029161591
33.47917187884365 62.28741928095
78.92131106196626 90.05743689747774
79.74004560405609 45.29708637868078
18.10337210916806 89.25606170577836
39.592507604201124 68.34304038409901
31.893294521651118 29.049085246378382
8.750629605627736 97.79997535288571
72.6421178025397 95.41643570658623
72.65726089926314 43.97241292366355
6.405978388711442 29.35992296133373
99.6755723618265 28.700298305441272
98.92514780943486 59.11260395460981
91.88701278237616 95.38884399792684
84.91560670590269 46.606225443503845
88.29235946435699 82.13192109947258
14.551778028275809 40.062717038284845
18.599362217984204 9.73900578569019
27.368921229012688 22.431869321366204
12.527904010563818 52.1563888223723
30.725368259678753 27.95076840468781
52.21376196466928 85.64422229368559
23.122572957565136 31.15065194476966
87.93449581638556 26.253482822769357
25.22074153009801 61.67832400771499
29.57814901121051 70.03126597224936
51.121309284857844 7.511449759156019
37.60194797457545 21.922528852991164
54.81183180154478 97.80849308497129
36.39073819002214 10.53892268823109
48.60702862791542 18.804407208381292
30.63968202715962 40.244758370498076
3.182699685645596 35.38862008119467
5.23059890036931 16.731420111998474
55.79667789395456 9.598451955131605
1.4742789005476764 87.74786762597871
58.260531264443614 25.31807625889372
30.758357593305796 76.23760901256509
59.088809492688895 11.033856882688386
55.04146426424725 33.079278894102046
97.04350799388834 77.2872612745582
25.872018536777176 14.541604019878985
29.638121180596542 40.93941547676062
74.51777105466716 35.96776816832019
57.804182066723754 7.378751898749824
33.08768388699761 72.75751077663764
33.64318230848855 21.423126945422066
24.06879434762975 39.858069635949974
45.260258653430064 46.804400804448996
38.92778807042932 18.415324401533006
55.39063202504685 56.31300073629595
81.95932648510386 83.61782166900701
22.326234001242153 59.583599386565155
5.548291465410216 60.42267384392759
82.31933427433599 1.0847007265051944
81.43861472560936 64.5493174095153
63.79545922069073 63.56605685375399
69.43537499948414 15.972527446675489
91.1104648780981 34.322159299631934
32.010661013630504 22.781745377886466
26.513964440630144 73.43163918534553
59.817601695500144 42.66148654137151
55.25665750667146 94.3994970282663
3.894907255527935 75.67194031533745
64.11338812726602 60.098362266848206
50.99393088076975 50.347891585165925
68.95815167726992 88.81310366465645
51.18232760590513 21.02452962591923
34.99098917199155 82.87952074896322
58.02631318538344 18.734294061938307
31.166235617936998 97.18811822607648
95.91471344177543 58.07329720604629
23.421906745490883 62.371701478635025
27.641766798346346 81.50853253784966
93.59415381354401 29.69075409873392
80.19760697972698 4.0521900220116365
24.96844543481599 82.15395079192854
95.31878253786465 92.99266206373893
5.7671451342988895 12.051715728934042
75.26845565067009 53.613254153907604
22.077024569962923 63.60689881590502
94.67760001293455 93.41064348330396
37.92764662833186 95.72263464329173
6.636083733749254 36.41723839956662
94.91890871735644 27.852210404971835
29.98433024139309 67.73075969120032
64.83818499028081 62.44324091013728
0.306980668721446 48.87938115184416
26.659664401750803 22.080638265089846
75.3163560498796 27.821386124881307
80.50061897583369 40.82536439567897
83.63031637724926 19.669521411520353
35.13807930863197 68.55258191245916
97.96148208359541 11.611580278527445
54.16890709444717 18.822743013684317
88.05901682945215 65.50753786559265
32.97409734164955 21.42737102166199
31.88474195546477 58.07163313503917
85.33349165666732 73.1799724481779
90.59120162336663 52.81718968482024
3.737069500903145 90.35952263581594
54.25593009716505 18.673271723728035
70.48713809162994 36.444082004069735
0.250443735934025 86.27616918670302
13.053342496202758 11.153069261474347
19.41188969228066 66.3054608994554
75.39703554017817 36.98317911691789
7.724223868283131 55.63718811739019
17.508963540510003 40.28775449946802
2.9222781210335946 19.933719772496218
7.253240075472167 96.20549670641466
16.893819349486673 31.1139480447703
73.13509776474997 22.948862132898807
60.95062365220859 84.38142727539548
3.8745031134061803 37.010965975159394
70.5188219245442 6.53777186740191
65.17008388985455 60.81788431136859
38.555293188138236 1.254800170723791
20.527174707608175 4.819307230376346
74.58099068477624 34.51105186727763
38.32514079351053 87.88030503205346
77.8860014973274 28.585586516297223
34.9407168962234 52.958342333180354
10.31409619789555 27.566379061909995
50.01700420494496 17.90334058869557
78.27737008718762 38.12717694168879
3.2221062943391776 60.37432074234778
11.149658165473697 61.87436558530289
80.00120485795361 90.45896522004674
22.275605347501248 4.169090713516566
27.31211600230393 74.09275514646639
65.6621028434364 80.06258814056359
51.30047827617565 53.76522889267383
83.05025923573966 49.70661280336516
34.92613188791724 15.029279967183074
58.73039269117607 87.51820054838637
80.12580753597548 9.189239966905681
6.0397240990583185 44.42509838997519
0.13165012825983036 85.16306436514417
87.42872917077054 21.799029947397997
50.95660609483882 94.6285754662991
96.04708258684612 19.720790832637093
16.625304059620618 68.52226599552696
84.13962170434299 40.29913350589571
20.847487815866607 39.56374191900493
26.033285708133924 86.19355274435998
50.69080822711651 49.00730429629119
59.192186341988695 4.444305491303135
98.52960272024863 84.79610463366026
58.129413944835484 2.251765294169117
59.44880734137197 22.579426616611787
13.996995108975163 37.05672634452342
62.80987565540664 99.15648243929971
77.46152472613876 18.187475660572815
92.84402394907373 5.163429523998397
87.42851087505326 17.319088419957918
58.265403497849476 23.735465632670316
54.48717053962112 13.63806461598437
40.8136908292954 47.245088832385385
87.14390958232192 55.157990951114456
92.78627072494798 74.8641754802792
27.341497111003132 25.450481998050467
34.91919446093252 7.898697450513348
83.68321861165403 20.961750815436307
87.54198980444362 86.973611134358
76.73600677558308 97.12829548849143
51.90346916220708 1.4072898852932614
36.94356134707093 51.59162188930042
0.7714376003924328 29.09959011217923
32.71367894086954 89.14519932885196
94.21147855433844 81.32737946548568
45.92086348096682 21.021631698446107
59.51451510851752 31.817649855534967
70.77245749139954 86.75888306491161
93.63682233216286 85.16786230741114
73.55598613096022 98.84628712760932
23.778909603111266 60.76217322265071
9.726499348143525 65.90994279022662
28.8212316465429 62.10709694013201
5.7839911963472375 9.447406804552372
46.10263012866409 26.467106743876368
28.339795844193116 67.72537275855514
18.55120975897907 56.48395287546245
77.34135224330083 51.26130650021955
88.3426807661418 7.131926957428824
51.33836996780127 35.86881947524871
68.98732140202225 7.510617348478821
54.819118675342025 81.86332711255355
17.176082355902967 48.11534209143162
70.02821404012397 26.201489191242157
13.757398010498513 28.719978949991287
7.038589253807981 65.87668330750397
60.82610824431619 59.789806760187126
2.5090434195151556 40.699898563467116
50.35638783864979 30.121932408276564
27.30870413995007 11.607688829262619
53.33196825953201 29.60502421929586
34.69525677159422 30.142573151354178
31.715688361271287 43.47709615891884
49.52884593388303 14.582707124249417
94.88974305085162 50.366722855064324
33.954458654264826 76.0622181610744
66.69451667694743 77.83254251849743
26.188643715765913 13.835799434155383
91.52018892005339 83.0243451723396
84.42029087425185 36.68781448063644
51.77078818584678 89.27969219332353
51.96759744924029 66.51292133102592
87.91064710155078 8.524239052607241
64.62122576395515 71.89941887979018
71.54890359616905 8.399320089581563
48.93205629024568 2.10840714307885
30.218536199998614 97.69820333078114
24.740524972058274 74.13789864720066
63.00849921493364 48.44394555503288
72.79335131039775 68.83174490385515
34.20114838103624 72.48369314282436
26.19797615740671 84.21181284422059
8.706578055506997 28.520702497573104
79.47528512815556 90.8889627414523
22.008988204759493 96.74538626356534
48.93567242108998 79.40415661990302
23.959312001811295 5.491294496442722
14.624067389200302 53.22516918117708
40.02219077195037 18.224748503545417
36.61038678306874 33.41856000428369
9.844232794360174 35.43220270701468
78.35913372884666 24.260224618082127
12.706653052743988 60.44120832122615
38.631659362801386 32.188739664668766
76.22033623393557 22.212265332711777
3.1412389211418534 40.1574087496744
41.54567698848896 77.83049190421562
25.962995476388528 61.65895756932909
93.47298351985735 21.861037860683297
13.82927603278662 20.923929517490414
55.30482623082763 53.139909951012385
98.32159275922024 60.0228969132292
44.3928586489033 23.70709196651535
87.63831787500837 51.99098495054092
36.62942968459073 0.9784316356651557
78.60633548654951 27.148466168937958
59.55021824968683 27.28735212690282
22.07681523890471 60.0627324266187
83.81342427525892 96.24014741490026
45.26894269027901 73.36582608753022
76.41319637953777 13.372701733938586
98.89592124233914 12.477433520366631
41.18922058528342 46.05013877416828
95.866382620497 25.19202531984058
53.42170537191782 21.861430908254153
47.60662636902138 31.532361686116094
54.92839433164839 46.41861620221728
43.16467704740259 47.78416730051581
82.20919713841909 93.87579309957084
13.925634292561917 9.009696337472484
6.018597432871131 2.2331630071610764
90.1477863505349 42.24419873865431
28.98286505415426 53.53762846105653
15.647156428275244 73.03303995097176
35.13849195174642 86.70946191082788
6.197933244241327 93.92186196478421
81.08528578734247 43.042125726774316
28.135943568081924 15.826150576234033
52.758235253423855 43.404204117291364
25.770130309990115 90.99499054693793
19.96468093033642 71.88734585245517
11.072090405062585 30.288982975840607
51.43861688697804 5.253100258486121
4.497507329718465 46.62931791200477
98.4953900209716 3.7105018283246194
79.464678997106 91.07502595236362
98.66287229114248 71.21700359043443
46.643725895033015 90.47990162478943
48.00326381257698 77.91965435294063
10.73798402369941 83.74138751486286
70.6671214600801 1.5735009487471974
95.08123786725561 45.78518871770243
77.77047621377686 25.02092824656166
38.374506405599504 14.157850288946172
67.66893384460245 28.495931702408573
93.63769306895146 74.71956526175858
3.9986782483253935 82.85664583786114
24.961217766351417 74.355700391382
18.12791101719693 40.90003593270326
24.17785466405563 14.468403901962112
92.55784993449132 41.7907998612575
89.61436368204012 70.03014823302117
4.673990210952573 84.08005437574377
68.39818130838621 23.028519505072907
46.621352466236296 81.03132850461414
60.25096111299643 21.281754172619895
6.3491303576929 38.63540823863758
85.25596461888544 37.48153179645419
6.555783468865406 83.4356477428012
99.65637546031577 65.96924499496733
22.422254759955617 92.00382763334237
81.92910618878767 58.74038566974146
55.950982152737375 19.675273534976345
# Candidate locations coordinates
3.1353365542910905 56.56440640255526
71.33889031879332 50.967557351559854
75.36901827497101 87.15511217355058
43.18390614904967 43.12587125046493
65.18305278052236 15.513301787532608
57.33976636317315 51.71624981851409
15.28943438850716 6.808169389468832
41.76155248992982 54.3129184568016
22.196203270566915 8.60048466886406
74.6118068305088 52.39776680705779
69.72172689395582 61.07127379459776
95.17857244736938 80.96458601545955
67.85865647329855 52.67677143900009
56.62522398088853 45.39546021203634
65.68896935706535 79.14820467354036
75.88123095350379 82.67063468983581
61.269112997281496 4.443835092710458
81.07014650362545 45.04427573758206
57.2700529997899 45.11293646857417
92.61891597141896 11.255556991228454
93.6444888116164 70.74343794768363
39.92758312407657 58.19864243859115
65.54419936250896 99.40047504676185
15.793047915561475 15.615650338823627
29.137303070873955 42.445914646514936
78.64760440840118 10.67545371964056
42.14902070631352 0.2054102850829298
44.75511823529349 54.746717153702505
85.20835801468377 20.549106324934165
20.467841695452826 56.284088918701755
36.879460577472315 83.76030204110171
77.2556546486017 45.48266306010421
45.01935457766722 9.557713837874104
46.32016414489245 15.152249311825617
12.456038387551871 46.226054375763795
24.989335177025573 21.70309384491187
28.812722063997466 5.514527488741672
5.230277519157623 6.823125484901005
52.55897423462535 14.205359878370704
69.16974405900793 50.87342929464934
59.817647552169475 31.99059240538994
80.78436519874487 59.89947221677732
59.41448993047532 3.018568965402013
15.42566210669316 73.14009145106246
53.021901853382595 20.40525213620966
60.83558805085828 80.66738301127062
24.23418241049713 58.31431287633153
73.976008284024 23.11451943626225
99.67168692174612 36.97428456015395
25.82670807050269 55.739801252534335
