# User's coordinates
40.37606092183567 29.649111593866028
52.26325448287182 49.75677736051062
95.61078361850707 93.2727381318977
14.248204647091967 35.99198289717413
55.50205201756763 89.51444311435156
93.79665228370068 45.67878844132148
10.869666487066777 29.288237752793687
7.092161507013895 32.45703659852077
74.75625921676856 42.52835424778745
59.756339159224645 74.21615303205616
33.23066840341924 80.49864037569596
16.188276551284808 75.50890936152223
81.77772071259466 23.087175327524314
10.521904760529887 55.300269068688046
96.48257546317312 14.712693572273539
98.06886164796691 60.42120611452432
37.115866767460695 56.54980758711206
37.38362069271224 63.162951407277376
87.09230295961787 84.65521987631804
37.98791713304913 72.83095194726486
91.16039189883611 0.509082985298015
22.3583650156423 54.64779486559605
49.724446317867454 28.893389401404544
52.378933905256886 92.91634866021842
85.89503004221156 28.978645145133175
7.734726225832689 82.27476732244097
82.59861840862393 85.27449420108454
49.86613436391518 24.908082801617958
41.2744870352488 99.75943218010984
33.97572044267889 97.9946917992629
96.99771094073209 63.43846588599551
77.92146203375201 29.43769983471042
4.498402670309554 30.30307534025213
88.88075783280269 90.92476150391404
0.07898343341277148 57.26703700337943
96.86178533501138 23.424466150460944
12.154763951883375 33.264435133217304
8.927308131568623 5.097042448079159
88.51012030502378 21.919928397942446
39.56089347558307 7.429500576904802
55.674064585313154 61.119688536954186
92.74865575394513 73.58326863311488
49.155567226619354 51.005728085557855
37.97177332057097 68.45190382286856
46.85914333093959 35.51297152558689
17.481622100561868 70.20051937910618
19.367847434419826 78.69250752900491
17.37260360630288 96.22424268125803
57.83844413942276 45.57028325408987
39.59230495105154 68.5492318194573
59.85355764292821 12.14727171148635
62.23854620912337 52.65197993412166
52.32687047260677 56.39178144496253
30.76665425633194 48.19862277876299
85.45973990438273 61.61157185713619
24.916295281339263 77.20575972845137
9.070079368164896 18.901553411647477
80.70077465599465 17.6671633537686
3.284525902466784 80.34379872290086
24.120361168286063 62.854638282364405
8.156793506267146 24.49940934274001
48.82200855924239 82.56751235060479
38.17417256409655 68.83956502657833
98.44269279814442 72.81964580418823
14.036832387607612 19.403329150833127
23.061619784818134 39.47198895030548
56.46796382587327 1.8693488449333717
98.58249033776477 94.094459521549
84.14869265368674 41.11312388302007
13.540700798150041 61.35323428211612
29.981761436400888 23.449623973255886
58.778345097976356 19.20486919501806
4.95673075609091 20.1918856240212
81.98859663382486 82.4854515214941
18.227148808683026 67.18825501084767
35.7448435827185 30.787454748476318
7.091266421608832 0.7790685358944338
97.3887888964023 36.351521400677896
57.504145076403866 44.683416398280826
21.520976726076967 62.00427699271278
7.271931437323698 58.9329264392402
96.13311024238675 84.56320923045499
95.74946085839231 30.229376675725028
62.064636625668314 64.41205208895202
72.1552834287424 63.03406094897676
9.454478915959285 43.435394729861564
79.13616424116726 98.32776836532472
91.58303628444044 20.290105688853043
64.69891749038659 94.47235275211334
11.128950956483552 26.91098438832792
35.75634919721694 47.89447546620411
15.549345872325592 76.82990735482365
67.02209609581574 14.856558823776144
60.5317333982289 37.545051255456926
33.236346230724045 39.644525743334256
39.731611987960505 5.637419742778905
14.901807418066015 61.60835353149735
90.85296174770508 50.07602892213725
71.86873915796195 67.9367283245051
99.42085237386935 10.433530192457141
28.199487884743167 11.867995938951836
69.93493461667255 86.94614611168929
74.1408962542398 26.38032370513462
87.42375014019964 8.703943325998198
29.566839118632515 77.20848747117766
12.929523473489946 65.61570862075985
37.92451770843323 96.78237212429013
22.978731630551863 89.4449313963412
41.840790026649564 33.217301794148376
64.98009961398043 78.71465760148388
99.47805540472211 66.95016175309564
51.39749979678011 79.7780180922086
46.58541020010398 48.26991313602799
57.01316836172373 55.13601682792236
21.390209646364788 62.74068635088208
9.669016109652384 27.123759544596382
92.60783888900826 54.6930394038266
2.005369227019971 75.11473220037233
66.80430435185835 62.302650731011624
46.747061377048574 39.616386930490485
83.02290430310187 9.527436485757468
64.71954296329666 93.26208837957316
97.14821857920577 60.58328504589677
32.39046149143613 56.109788397078155
90.22905359366324 31.108905624882265
40.8133958478439 3.530504880105423
60.98815669779085 35.743584289066874
67.72195101145553 86.77717860653675
95.71830045909877 78.42919162435079
93.07604143203538 90.56197104686547
40.8234131764649 58.91817970506021
51.54200062700798 5.045741674205906
26.15612674626786 12.774052037841631
76.24155390118396 53.90665624037545
59.90234783790438 49.485353702964204
76.75452263451022 16.875177994530077
90.51029814336006 73.6724566663461
22.165331143814683 52.8190589075761
90.91287745680211 1.1808009219667848
77.12506903240126 45.108110280456785
85.47319262217525 80.02786419700917
21.939180500125175 82.07090892149176
97.16551604652528 28.609724532174276
76.56573158979522 98.13268623999521
51.092737757400954 53.41148922823798
78.83582572503704 99.87177937010502
8.809418575818718 56.78411807811631
75.82579939038534 23.345338803308024
54.12137636161242 12.961657709516173
70.98603162375504 58.440728364382785
79.48655688392576 79.18264452574505
3.6202379761612002 18.834567075639175
13.310252512461352 19.25508368088903
31.18783686952531 23.839009409874954
13.320969306072438 34.91304684602407
33.452682868817675 86.7469166130557
65.97073211685829 14.527241575233841
81.46724566262293 43.833829381172905
6.883042220307656 98.98368218444325
24.20341415960593 77.15345907374672
32.01862678275986 97.91277356529675
66.60248103450563 55.14413339474486
3.1593277666059683 54.664140712719046
71.58799981254194 98.23198192706961
18.234782308515072 84.22639676020668
0.06913291204930783 28.330084515658793
77.77645993525265 91.18452797436463
19.244324951676983 58.23433980593546
59.876869243522044 28.254937307086625
53.45007864630117 79.28508235163187
93.98146348534524 52.038670468329386
59.56775635658313 13.432870642115546
13.031078430715981 76.57989305720506
47.41835471775959 53.63651911804636
7.251937916550888 61.38118180568792
82.38480395210111 24.31210966837114
35.09779009071624 28.224232750630605
90.84992997934327 55.40101540188781
78.19870945028316 68.82345370219211
66.7833669167237 6.08157694550181
46.98430942203166 40.467861986707085
37.2796299443059 97.97316324088129
30.0558428835357 74.81357152448987
82.48914133974618 30.945988475582066
87.76917622927031 52.74283407509684
66.0396650831671 45.91610432154085
64.47993420685012 24.588198349007428
1.8762812949784213 50.525595473126636
13.826141821254412 93.24733330681633
97.49988922318406 47.5310722657336
7.902932777563787 19.987442557582767
79.12710001085517 24.481577156653444
68.12997414291583 44.79011915010859
26.133037017736882 49.08862372229012
57.848944176889404 2.7861671728200976
99.42039765521685 89.12587482604125
98.23740842706462 54.29820884248979
27.85386418683139 13.28091246115941
96.38424380066495 19.81508845180896
57.642533540855354 79.31559394580533
35.641972737749214 75.99086072871566
80.34581980626278 9.79143980513525
57.55069298920375 21.60302287509468
12.438880761226079 95.23803774052072
43.345135367617836 51.6288676169338
18.607226113387576 61.20262509262668
56.214945734411536 73.09199274038876
40.23588498935587 22.741759498235837
63.355300283885775 59.18520123411538
6.554595186762279 53.86903254690748
13.059563404778473 0.3071189275690944
48.02347774925043 87.9110671213407
70.97830638656492 62.17544498897798
82.75593814313595 70.69968843080747
12.154380145042454 22.541230375625233
10.319757750684976 44.21044527292294
17.46887149681473 61.62187122618792
3.4558053668656386 12.921516907171815
94.3646728800417 87.54595134045341
63.62254784669775 46.052586047608024
28.475589737044093 11.813436736112804
93.1251713800315 82.62526233890215
56.07454379066424 2.4698662111950154
82.4248934805323 90.88728331807803
70.91449459778907 75.29254310383158
15.031389959582286 92.32007426659156
49.70990619133043 54.24025023852619
94.9354253009003 48.91511727327463
19.810557143423214 90.67526861773875
5.933364501132687 87.40036484539543
85.08925625929669 0.4743191585689144
91.53191405404758 37.59325241125602
92.68381064815016 7.908308180305356
36.47768809859953 31.488065585728275
6.318401409807384 35.421573610939795
23.255213284887944 54.12641592058009
62.28100356252993 6.814046460832857
76.14991623545777 71.15709806052264
80.70459822592898 39.22160703675323
11.587073621062016 46.59702502382689
57.97746452439052 33.29060198485221
84.2682436872288 64.33892733424356
35.29798883800465 48.05690530853472
81.77424007620004 96.96062062882945
12.289227252133871 80.60650005867456
18.243142518341383 42.309821288046955
30.02753396983041 52.62733146502661
93.63418108270814 76.55143201181825
58.744317573025306 62.62403697987647
3.953816335191196 51.97574114783207
95.63954837211587 19.806928758633102
3.0660919135448217 98.6255223615369
37.690820122915916 67.43366221074679
15.007181006573656 13.946325940203074
92.12102607672568 13.900182545531104
84.157017729825 98.44018778987758
13.563338399141811 44.6086911789793
22.667150390130164 20.87060794477352
78.8927002814491 75.54785978367478
35.30252446828425 51.585409082410415
50.57413674717465 79.04629900268459
90.73291163616268 9.880271059128798
7.239760759836034 57.58005839952416
98.51723866390803 98.60577224727636
35.07260133045422 39.04116692811169
83.00584679781939 72.38915800798958
59.70855832104942 21.56582815515661
27.327729640144362 43.10864562815794
90.46462976854389 45.69915632189062
30.75005825707009 10.543106271370617
41.52635460725816 76.39973165043553
53.39036213338532 89.90604388954532
34.629161826944866 16.196158404506445
43.97427138192346 18.488437371111345
21.67933101701548 20.39835625685975
7.646780951144017 43.20056978410227
53.987385804349444 92.06722226645482
19.47474296952434 88.16237958888017
10.52466701478898 39.62893377802141
28.97327634844743 2.461037922257814
38.43118232437901 20.68688105288676
36.035683694463685 46.199807769963094
73.24871138070479 34.07738808447927
87.73060115795819 51.44422572247398
82.6405934731888 74.36258909453562
51.96792065560643 85.32832468542172
24.53949205768887 22.35776168410457
84.67841874452098 8.864455090996227
56.70214127828874 15.788921771326592
78.15560351894983 82.6294003400219
74.22050423607416 54.27648175004528
69.47283344154552 83.24147346234689
34.22224411239802 27.08893714202777
39.334261267141066 47.91858377980521
8.176726812996248 13.245436174622638
59.09942056717854 13.05862612740263
34.58161309621048 4.087603284637964
72.53876715508555 77.23304474864123
51.501281435997385 5.173752700098023
67.078691684041 37.83628042631727
27.21674535348255 28.787022383076255
10.901225273347116 40.48915106042572
75.93551592209697 20.440991390765973
7.443141886749649 29.655990510903642
65.93393867008882 69.64096031541484
19.07191361020396 17.65488186382811
60.25005103566632 82.16790030948853
16.305438085621006 77.36410142695837
87.69918353571451 21.9362367812325
30.55770894928026 27.113015279580676
66.19153377507777 41.8833008446224
88.84765494732986 97.74682867910758
81.33476967137801 32.9349485469005
82.91203329444637 40.932101423831405
45.64157361424428 31.907568815768382
74.16342321861553 6.720207718274129
45.44907114428324 90.13621513218143
80.57968947425789 87.49427316511121
45.17458624480207 13.600999008273451
57.368255569845964 62.34984013048266
40.645119777317554 16.987637347386542
52.182683678636465 70.88587520590819
2.8946617932334107 56.813376400941486
33.976069729513355 11.710450586049681
29.248572077783365 69.39765447749612
44.54875345918511 89.55111285047144
94.84602415583272 53.203909694830145
60.89415069631556 85.2406904140928
4.079929396491955 37.37227768932326
21.88960265480292 4.4770970681512035
96.94555308157969 45.9322782697224
21.487010482192247 28.60147202458967
89.44423714190933 31.502479272666495
39.65298745591389 26.905555096991563
13.689764901877277 96.9781374420633
85.70165320827579 76.75335840003004
35.16385769796562 85.78854493172048
77.4723095276954 35.93067738868365
32.34872259941014 75.10731772693094
85.75061109946424 22.654897134825802
43.16458539801166 48.420504312312005
68.77602556029282 67.66772247608192
24.342115576271116 1.5637276510230613
69.30910349510172 8.448756153482018
32.893436549269126 90.88397710967412
24.832548507234865 70.58474566616604
12.640340450257693 93.39820055487634
61.514922265775695 78.60271624843938
14.389650833951395 54.21227573429478
0.25888333452810386 45.04545001328309
47.698867092266624 64.22521190681007
25.509741852842758 16.977782752563954
86.37677605957053 5.751507093304231
16.51262657678093 59.17083731076658
50.708735958658536 83.98448073865545
47.39287069358398 82.16089730918137
6.470725438943703 14.802599458430421
66.07691064235445 17.58223861033845
37.38411906003931 32.99380783918065
86.68325026767444 92.70541860769191
34.64357698205387 11.866344093253433
28.409198916067357 81.34847503599504
42.9222992892066 52.05380255834079
14.562137336627512 81.97248516477383
24.623616702869068 19.323925048723755
28.273176724478056 50.95674494197876
99.04173688848165 63.01565855384214
53.39133576306543 72.45170384714879
25.980446667100733 38.08522572581977
74.63653082251214 38.46545449422607
33.96772119188224 32.13099486533512
89.48272657064823 9.861145810383842
97.3804402308025 51.25586926271034
29.14257826084361 91.73078071485278
38.55214898636218 32.051252819901585
98.95248981414227 28.23059564620327
58.39643057935942 80.1939659423667
39.895625289463034 61.08457660519685
90.46879841089299 64.51795802545203
60.169668822077604 91.83262730197302
77.83429467889815 88.93225864948934
28.742212931517884 35.50104104207284
62.39568892501798 29.342462446236205
7.168726811112069 25.46837467156877
74.79649357388207 26.261151037167984
81.15142103367575 74.29337430485829
12.368502179536245 57.05786940613711
42.477239404989 80.97795674246699
99.41799197660016 48.531020170620046
85.13270438134721 48.86608868266728
78.57642871611567 62.94155311632716
40.42225515739902 33.939757454627916
52.42093413107041 14.063693000452716
99.24794398647478 42.01443513357399
61.57683413834377 31.421993443400854
63.90415973254965 93.70104122788068
48.46829218427307 26.65608871140709
66.59105899240039 12.799612451918385
87.722516941142 32.85330171249631
42.200705913204374 76.30693203536906
8.738943284815193 52.126367977142976
55.43842158760707 59.662300556516726
94.43359637270146 6.442474210137849
10.729859488191195 52.95390621910452
28.66366214568774 36.64512760919813
14.162383448199877 72.53178571393529
24.46190664794452 95.46478030167492
76.21376591378667 99.6274762428503
99.20203619661737 38.607914711891745
95.37357170555659 73.17875097772729
70.98540657494485 49.95838323006161
44.12179865982442 58.24967211068513
12.29901249984774 45.505334480697044
44.128663136605994 69.77437302114686
54.82914832558091 25.90858956585923
96.99839667030876 22.9339704792495
71.82466879208518 61.6341176020861
87.48185600584455 53.66117874287754
45.24428568280907 88.81996167649179
60.898761836588 13.812846053485872
96.53101398845958 20.738430983354995
49.9828325894455 1.0053205465064163
23.8607412514236 36.55045842333185
89.12387589014689 3.1332676173239538
78.66680181426567 15.411465097252963
58.316291954408804 50.06190556216842
75.00521671539934 99.0121212199136
17.840784478423288 46.35190453520064
84.6014451617475 72.3414027516992
72.67281663837821 72.19635689028155
63.897851266770424 83.06910279684669
51.1029333567379 81.09109800997109
42.04359553646739 16.341897825629925
13.208739193122776 1.7734149811484246
14.421405357973072 23.6942500539157
37.36526473434407 14.004101006171743
1.9504128112735164 60.433046688442694
68.45671830061086 8.10056236546549
58.26879688143419 86.08684007383522
22.402675917694058 81.97539534673606
45.818877708901404 84.56995982943289
35.3250165600941 12.315011916811292
67.93800960958099 3.7687777650167953
72.65512323724225 28.227870814079225
85.72994704178834 74.80277726375054
21.966267836801435 51.41532590001488
87.52897146362467 36.891312595795824
95.74271617751926 52.08230379001856
68.59265685368004 20.267144714394668
73.9384176951853 10.344035990779032
13.146049121398562 57.270654106507614
43.034754768270766 64.34103524410163
25.26531889232624 17.32541477976868
67.02243774363181 81.30757747732518
19.157676918997268 43.7151379635307
16.90880311769677 13.499492755177045
28.459782988744674 61.99424388549887
7.224774256458821 67.25332433451439
63.76096787097979 27.29891127071722
51.475525006653115 16.962524014644387
48.797435485152576 93.18579407310398
41.488070598020535 50.47656889576555
71.76822788400538 31.890594265477223
22.116734307462306 13.220569422918837
58.77933506969272 35.00572379023653
94.07221131804853 51.25421971663076
29.19683802744345 73.43785402855073
40.60076240607646 72.30238331893727
30.965988404151968 22.8919572275611
63.675725913473194 49.42333371258173
32.22451040879201 78.55047441668202
60.06867386213142 24.244994366718686
55.89784790003176 14.369923898731463
23.380295768805492 91.35543460881152
69.85200437420967 20.54699427875547
31.73169889311144 73.5118520832628
34.451551989128745 45.04391254421788
26.20203549404645 78.78395590830749
11.31176709049334 76.87014516050738
59.48612663596734 0.07766741001404842
37.83196935066508 26.89544489976905
49.89249006896706 82.79816376899622
67.88425845430174 26.421598461911177
95.02537006689877 83.05695274822108
65.71881004700695 71.06421814610343
12.646665653101842 49.09588797011073
44.03809631177895 55.415201024385475
56.283128818222416 52.13059399711377
46.21330434300399 13.80190665323594
94.32481252153514 13.260819542690882
45.02086198527488 46.995057151524186
31.175977331846326 16.446559459779664
27.026824895861356 94.66308899229143
24.38383034848216 61.12364112111366
3.9107589915149954 38.245370766963894
40.875396136936246 16.557052074084254
71.35499463337113 34.84217649395778
3.8525072150865536 84.07799537094644
0.6352964236094993 54.29475811636342
56.656472723568385 45.92247151479846
63.04986356027579 24.66405711768901
71.96280103591327 44.55790185591504
3.6745623753760337 25.684863942924284
16.471826718418114 43.67873470407275
0.6809194705062693 4.75779954051081
26.5609425123125 89.54465560234604
36.310816135722135 0.17778178251554033
24.35176792713255 44.24384017349925
19.959372757633055 18.878962264823194
84.53421139892477 48.55870148505783
95.1175233441433 14.217428847704516
55.172179787112285 43.31842763073558
46.071180479136316 59.670036040333144
77.52606247816661 94.52757392673135
45.91334138731582 62.870266067016566
74.56598183208159 56.57113373219465
69.91660505104441 80.57677271654069
65.10655250763044 53.11873926726886
70.86684850449859 52.291326868729435
74.04970253332408 93.16640858876525
23.761437632516515 53.068176019230904
41.3094511535228 63.65888345281194
87.1305996396407 47.81382155915064
73.30228448096501 25.942643824394672
19.766980223982245 14.969315351470192
67.75496270850248 57.818173183192556
45.43078148001776 78.29247149556512
97.20442852152246 97.87104810128618
36.249696032225344 5.263580710923721
15.227694034528948 51.776402974817216
46.198466097219345 45.43960067446323
86.88581906292262 36.192263246415166
22.256355056126164 19.386454599589097
76.3176300030412 92.83031113491198
60.41127034962963 28.75416722952755
62.44739573578341 1.1997830457132874
15.350775643273561 28.114250162151254
88.8385048205256 66.01314620943106
24.76116233055462 14.634610695551176
85.70113178520748 33.03300297396105
31.673961074391155 89.25370650057326
71.96379914420102 6.304738269345355
28.785227016400206 82.96482767774904
83.72612769107299 66.82592721425574
93.35111047902997 37.97290662015139
73.38032850004362 72.13210044360369
31.234682999363727 70.23009639179443
37.20699684997081 42.17757184402433
32.36108567122648 81.21634383836594
34.860998720771505 73.2008665898113
77.56384078559033 36.55715015997802
18.065991577303954 17.60737674531677
26.705782709180927 59.102148631870556
17.508838607305343 94.74267374020107
82.55043012406719 13.458066753028374
4.033343723587479 96.51979161313844
38.175930203044906 63.474502877939685
70.273667982697 94.82513733474259
41.45312577483292 51.88434151330517
0.7684221572756833 41.717019496382726
26.798731898636884 13.84979006143886
74.70982874988181 49.518978115235676
0.3847166835782456 15.824470444353867
67.30949132996717 17.351038968815335
4.768026161944928 76.33776041656989
67.94617163862895 17.04403115190508
28.780416509971108 10.250799173211734
48.54221409128817 10.214713399289677
29.776923948606914 75.26841297316855
83.2399155192164 42.26416142225071
10.351388680145156 50.09733071689808
77.22345193233355 5.031315071414411
50.58910711835437 46.85144534395669
77.17550284657068 83.20156004049393
92.82728410061415 2.0432419077331954
53.35923500038985 23.753652612321474
71.65674305453088 89.99743527621081
14.323895898217366 40.3205012889265
5.227289898372611 25.22724797184006
53.25100442332339 95.29683879672484
56.36654616392182 46.944080619731196
36.9054430518427 50.248896690619226
16.453841098267542 25.310226058104234
2.217075345349606 54.257804240504036
42.58142301547782 13.781480770129416
98.65027897045526 13.022115675122803
51.979158205091544 40.75973248193778
50.37357852261297 75.62163073024092
63.28979698284469 68.7373152227584
27.096713403055574 21.302606440208148
71.62904481538862 15.017581840911554
57.02243125672819 25.177420118530456
54.35691674013196 17.48373265521185
48.13091259906168 25.05689546751979
42.151796416866546 18.978529437127513
89.24157478573788 46.618430360566634
25.044863234896365 41.1062136647095
49.29342027658771 88.4604075073341
50.575896359607796 30.800478200229087
26.609768819529002 52.661726314418104
69.65591286516954 11.742108951189834
50.72099251754947 64.43093365895523
54.606845479167156 36.02175435256011
12.160564870772028 0.29677291303444875
64.00339715058074 78.80534243956228
97.56908839159533 83.67581459005282
86.71302992071492 37.63007571996842
98.09903794427106 69.02584801810275
95.96547179137971 15.85923727579116
32.894521750159036 47.84047179920123
97.93928043833613 75.36974264169702
44.154632079980715 14.309150027049256
57.23867861917099 11.164862684074063
66.4285412188627 57.43304209338598
1.0843023885503178 63.388409771290114
69.95446369385444 81.64828721481419
36.62409955952285 65.66870379045547
54.352150982193514 0.9039390825078986
82.98381786089828 14.941406775799692
65.93999397437051 70.65224422737732
57.147107746365975 76.80981003141316
1.3256174138050691 73.33550800600487
30.467935275885118 44.00893516436321
10.719252835091385 40.866392488166895
99.44065983678195 29.919103876204744
46.966368239588384 59.742685054052615
31.783789213300196 56.61333044332848
70.38765216140573 16.57283367452509
24.636000079100562 50.47831573101863
66.71328130499002 77.3143337501075
32.476447651400974 37.894005117936814
43.790018021637955 90.83152152180817
51.571637221841016 27.346447951047693
40.895137856143904 20.578432835364204
14.253507766955165 84.63255051543531
72.04488734421787 1.3916065590564686
98.71481996564401 23.616158810056533
51.85451521824679 14.614027642887928
48.40008698887629 97.685043843393
39.76445479381937 20.0717389003055
94.31241136027054 77.14425913925695
0.477146138378548 95.7071570570857
93.27583149264053 11.597307363172593
26.075548693065087 78.71558645004777
84.42822517746721 51.293291314399056
76.60467451131352 11.542624937246437
95.78832065632554 39.291334158943826
83.58166750886976 68.71071991566463
81.04236886662683 42.06800648831251
88.65711825577688 31.194689699358015
82.16678481648567 15.810722532673038
57.79021718977256 79.23052143304322
91.57866148706692 31.082433947669475
64.12393804685473 69.58633157810662
73.45114811796637 77.77321268592252
64.11180165589262 65.40423005077837
27.132221101146527 69.87772495352304
33.34007208801019 92.2384778151023
15.1370740880847 79.87142964097032
72.53258384899137 98.40559172558727
3.0326151727896877 30.85183427566619
61.79149948973862 91.59871363108506
90.14717277555582 22.886033531705184
16.240656855964364 79.93357954461796
59.41030888414491 23.292577663475512
8.024907873796783 89.14229890241637
26.227247297684887 21.985368920782932
25.735570381831064 94.8723322362021
74.01549091870189 51.73635810099053
38.840727770065506 34.63928391041664
86.52997884498558 34.44950707131147
32.50693900163852 57.493356725497335
72.14180895235222 78.19240026019853
30.099119507300564 19.295480141808262
40.12565363276366 49.451660696008936
76.46362288995996 47.16285776380923
90.33280896792004 95.59923631664023
27.076634049282454 65.13255957692786
10.89918534255947 21.149804672858263
3.800654094435574 69.66380563807405
16.722178285571122 48.36514836815594
8.460196037331247 38.4789142590249
6.693393238485434 47.93544222744861
35.28864123194374 49.909858538328564
7.468018044134784 17.601719004590876
23.129917877711204 77.81127836475594
71.62624736342707 35.00741721223351
33.04713130100758 44.86249370649098
84.2217876942916 46.48220124023016
21.573987975675045 28.359929212457114
70.8815426539495 83.30745530988276
92.9562314000557 33.576004805946035
97.98346319926263 34.85851844322232
38.03668735007402 57.86607198695911
92.05333092878946 81.79968738488287
39.01881071573127 79.75066288573636
16.921539012711484 92.85025031698068
59.14507093819903 91.11625856312018
53.99001447172922 45.86629519815657
98.14563161960636 57.389268067977895
97.85792173649781 50.63308736009012
40.79805183146716 93.04464789505548
40.03499335526273 12.152626560061053
9.146523694805953 44.62871136262928
56.49833257801588 21.19981333749986
73.42338945287875 97.0278975227346
25.188476546525152 0.2281863687779495
53.32115435830991 97.63678742345948
95.59699691049248 30.563985752364786
80.79220536626231 98.37636986635478
93.75095190680376 77.51765777198456
65.84061661274934 36.053096355455814
55.73870260225434 3.528855366567707
35.07209998742212 28.26051100952476
82.30534453020461 46.36694453928049
21.853988416131422 59.82077366888545
42.263805496761954 34.19762885517235
36.83262635065062 44.448729852327695
47.515564793026854 98.58841002423165
33.90063793333174 91.94655187370252
85.86931601940829 53.2522738321922
5.206263502777409 40.08660105186844
50.137796298354985 17.560953845274096
58.611147407764406 20.23471604814856
61.325974955007126 10.995032079217616
65.07355546783492 82.10391053356251
95.90557099752132 77.74159091001327
62.36729924838696 30.527192051024333
69.74923219992037 51.79910709045359
99.24626606421548 5.51129948035296
73.9775610918505 2.2227117314793987
28.09788131080584 4.3842444538297665
41.07718716365395 86.17249047280778
96.13547778983299 69.21607879961378
45.42130146431459 85.17521712052917
41.28612555301232 97.35188104342278
99.07777412494416 27.889199023424858
9.997941412329103 48.19313758145868
15.731383046652002 77.14700946511093
59.74116786945063 47.72112339807243
1.1566974785060302 58.65238564173298
88.69276911709179 23.16887036661025
47.09373303800947 58.390993229961865
76.70952423661754 91.259812493802
95.55053073518113 20.518832984044778
33.42647649029219 27.178738014309268
6.978384509846425 70.18713547660246
22.96943519318806 26.205274848348758
46.32605776701744 44.93032600863032
72.42359966371774 20.95965269131349
69.9780814353621 48.12545406452573
12.551738348424346 29.2869986824152
25.450676610862434 11.119047038492047
83.71040766149103 58.35417549257373
76.93703970627602 23.523554858002306
51.52038842643627 81.2889970731523
78.77652281504956 98.24388651856533
52.61331708570641 62.20171122670316
4.87998081314368 10.787049747875233
1.8832833743272381 37.25168140724746
66.68670395208389 88.57803851457378
37.45608997515013 59.87544059545956
8.497663438416048 1.1797826381125476
4.115185919447317 58.67233092044615
35.99917617468789 11.371875220983963
41.10683283454778 68.6244874088592
0.04532318653107659 44.12946126594266
21.87328626844196 12.27847452011418
64.8335351290074 80.69362732661371
40.78708212859392 16.10390067451175
6.646051495817751 49.91555911186087
51.51373104920102 45.40182913677165
27.675887570027424 96.10143580776668
56.339000192171895 59.06193971018022
61.356902297260206 86.31273491857489
94.71509877406243 74.40815698520726
26.13617603584435 20.550433698388716
48.54555828133877 1.0930090055767616
54.67105680350887 3.575362001661375
88.7284049437586 85.97644344917758
64.01806172012506 6.682529780072888
43.99438278259504 59.997530739808035
15.674796824081316 23.8594637400257
65.05673237919886 30.428236717668344
41.371568985630766 29.82337925292484
32.99868630463426 75.65357881024633
18.854060486792434 80.18851842291906
22.120306632304864 9.424423118348635
25.481819465666344 80.32320371883597
80.59679155440223 78.89151248410732
98.98583424702122 47.512569403442626
30.66678130563021 15.485409735778743
73.28049833422585 38.02904248702218
46.52907536479144 6.241118297617465
19.403298889317476 64.4503462382064
90.7634688505247 41.55512047249571
27.129136661091515 98.36071340725802
93.63306914266808 1.5733184452557003
44.86672957521108 30.25176829105004
27.97094951619168 27.442301843760898
54.0589743209716 67.06559062029113
54.099054305512354 31.940143529022436
78.95296088137658 91.85143287274111
48.35618206358227 1.831591839914981
1.3988287445274583 94.23648648985467
42.63151111410033 75.45906299684658
9.737702720299279 16.105117717508243
56.58016678542852 32.77736324305316
94.1911729140581 62.202938750393045
93.97163224206695 4.3898856450047985
10.869314409338715 10.643594329297922
13.151489928285764 3.7778367405483904
53.87563939558244 42.99992932443635
94.03134634969672 25.225588461164506
21.327093964423305 86.62671297353968
68.16617421395688 89.44508506565236
82.27993267188869 29.92311979170109
69.74573539501256 27.367280002140916
26.827088917661168 80.8236363040318
43.344812252331856 26.077475006413298
78.39826841393734 90.06475878606601
85.25611751424672 20.465244732409914
50.82302906375374 29.96280267380733
98.30576870884133 42.602388500383825
8.433591454713675 98.69160133456617
87.19144947257833 86.48379210769758
43.60281774158534 24.412070978158106
78.09431358383482 50.69774733430883
30.626559874112324 60.76783998844266
28.71159883429224 76.20925784653085
23.43510489303634 0.3462303645965559
29.544566373005143 10.376079519737146
13.64772244070892 39.05864313825075
16.87951017501308 94.87629840912378
16.02836451077675 53.518852280487785
44.91090229349888 11.754877148948461
21.422829117984442 8.922137176604227
95.71245713580839 80.43044383480535
61.10647299935299 76.76716270406763
82.9927447618904 76.37725505952898
69.3043409822105 55.514364120726675
1.0181842167948152 95.40741384207698
75.10696688910451 99.75484684285257
29.858503013413973 53.94529028606891
55.15300077417936 77.65575388193669
20.003162589849943 88.86511311258941
58.07115619003653 77.92547874074293
85.21380677532008 85.89841186281515
63.996299919140334 44.7076084245108
19.921741638154224 61.959983542926125
75.23218134756334 33.70529218284833
27.637321552447382 38.96309631368066
57.677475691848734 6.047518948347152
32.41003878419001 33.37421659083088
31.26665964113373 89.5584989899656
47.69087969277624 88.25315009703696
53.168792141409746 82.60379090387553
32.77380827858867 33.43996452230029
81.52264115242201 78.38118542208696
4.81197125233539 65.50579450600496
10.928504135813121 31.017711296069738
10.298598654966751 63.57250026161797
10.135067134599119 9.594882426910578
91.41419280783516 72.83934370681189
87.23196936697447 80.34656606532424
92.97959337502145 94.19322458226307
20.35350688818671 99.9438305560393
58.33422770770436 24.24994979840187
98.79514259439743 85.71143454566884
94.97409302037113 30.12034343448787
2.0462702833125013 42.109878227275324
85.50515448099861 0.01870187384753752
81.327356102348 50.69338007109104
9.12880961867396 72.1984922566503
43.08678193674924 79.57341718119751
49.45087131368566 93.84970461427393
18.053999843605297 21.303407418970156
57.52042188473454 36.6906764908832
82.42253661353072 23.36195895987204
96.55824613281675 90.45622880843176
89.34400195494521 6.381434119171237
68.25136466256508 35.12430663607725
67.60293071090283 93.47500202951203
69.20952712863672 13.723395208922595
18.19197802623631 90.95411523895753
5.682207920276006 10.491887742918083
30.8467133087005 55.51896151856558
21.546011648789374 76.90306423721405
62.162142805647605 57.426387954692395
99.46897887607074 55.934273973973745
98.20933910970967 76.6483984481973
34.63209878300384 54.83092381187318
7.000945192054986 39.31108759367453
94.38707022879949 9.578843803615767
30.324122916546482 77.64080648194637
73.13954704856333 19.549866695279395
40.93771223632121 61.239735193518975
81.65521875608214 3.064867102642288
97.12055090278999 98.1522566836996
97.0043281361083 47.379013606923515
34.20339310750295 82.50333920845708
69.7962061247992 41.18827610410488
11.619611514279127 82.91350359098062
17.91032715120029 36.09654213626183
63.3544104268571 81.592370701081
47.35574814086668 72.56847663747781
76.17519009572996 69.89054679054577
11.483160897187872 19.309165784070302
77.85217401570902 60.76438144023887
59.2902473449192 73.25313372794476
1.5454124864278995 65.09091488252288
51.96978697602908 50.73511866470993
24.95056104746045 46.1860243105551
5.095350917357067 39.01082665667923
5.212676382571901 63.24722300474718
17.606846617668403 95.49646720368337
69.85620723777929 37.80231230464016
12.68955509811487 75.2224320376525
45.03079846800281 93.04353585922853
94.95080914719749 81.85113665223142
74.33728023538396 95.60129062277548
68.47981991145721 47.17031503544541
1.1870983701488758 56.303328521595844
9.529967373734605 74.5957777811781
58.452747018274934 5.677135821004264
53.0212183926978 95.63686400093532
25.922594932250355 86.17282079519914
54.806000498013255 11.24500093575962
1.5658882057901558 47.17146157599724
98.20670358256196 22.401982857954085
41.72086253745294 83.42567694488382
32.11609374161601 67.80884492767723
35.129099322819755 77.5519352986478
25.723578100638978 99.9276146018165
52.25516640055056 31.328793639081397
43.51011026015256 90.71498424630077
75.70644434103123 22.411590806036486
94.41326378433195 58.87581529304122
44.91066434543802 36.92206343148442
53.7400025461487 92.6851478288904
9.569499338633381 67.40644699701882
14.17320216594925 74.46464226203369
17.740230643547182 19.06198489348714
97.80158597934023 66.14944596704859
16.740552020913068 11.987459446224747
4.697530976370279 15.650387467345073
3.1334352877349647 33.8378060831372
24.641065104110616 5.298489165619014
85.24300697462837 68.46044914089592
52.61697209153907 21.68463448664505
48.231592941878255 73.15042090112635
21.390697527979952 32.44017917597657
1.4306325995256053 99.37572184538685
12.361207524548545 91.26746505476555
36.94621091556337 48.5056342861839
8.388580413099067 49.99544159786752
55.88911983861811 2.7384270492943674
28.248379063446073 77.96779603993404
5.4248038342702865 23.204957701409935
55.79942640869876 66.6850439633081
96.6489456111992 6.847879628684394
74.43703793757442 57.608637201194966
71.35474337738063 47.48330128655864
78.68870659154365 55.93355746324098
97.89146441554341 2.712180116690144
53.319757588624775 23.39902702737211
99.2156663371217 73.18576032893066
24.651588147029713 45.759425302421775
8.29108430075255 59.844038701118826
84.5372823460022 14.00542774994512
57.02443167169186 61.494787195260635
21.34971042724946 29.10996171997804
18.033347367566954 21.494141139289813
87.71396828541931 69.37617840048735
51.90929588850314 97.09279396376913
89.2350232567897 36.81350946250795
43.23557199539329 16.564624268767712
18.509361832830006 26.759200935965378
76.04482017229644 47.531757692393676
94.03917583295724 74.15444908939519
25.839470847376944 19.355287884119054
17.616868777429275 89.09595397235172
62.87289692497983 29.96330106398456
1.081953037916239 39.17561607019312
73.06575712326064 82.26519605795876
39.840745859068946 68.10459628096937
84.96824599251671 16.3713896917402
69.89893979322802 78.39476629559289
97.9634392392131 55.61492526663487
34.36797673710142 93.85648175464587
44.620286054217054 83.46630449447002
33.904499727676765 58.495323849998094
57.325683944158 15.13496662136209
64.57407780195456 48.356496675904694
96.45685291786049 21.77986432976845
0.5469098974120734 2.268459879401674
41.87235266712437 29.556403679830222
67.85801682178203 60.32375071207867
17.810838077888512 23.25296908801564
2.3432745268311295 54.5202669870044
# Candidate locations coordinates
94.1075321698303 1.252810473760313
34.924635372329924 76.72072665870509
76.37248402439884 49.11950679238042
51.13001510706143 73.70670141216283
96.28590359979677 68.59731921037573
0.02142178125570382 15.976579923215395
50.78257170501344 88.40537332926228
20.20846352212108 0.3918835994534686
80.76695928619502 8.40531951684782
79.98123008002634 36.923984650707276
34.797850039318355 71.72417883822659
66.13165059411624 32.72705278748921
3.0056708788314235 84.62418127197839
79.29166710751879 70.00306447827386
20.994965047666415 47.25079674999853
0.7760562637944002 15.899938071883312
98.8431518985959 21.331820580092685
78.85100655091676 26.530409468113657
65.20695060950513 91.77491794827539
18.905273685217427 43.604436016399085
1.1930286445930416 21.021466093799056
90.67870773163432 53.870566820567
49.42334808185015 3.2841736710882308
13.994123769062272 15.73100188818708
9.03580142950161 36.08012581147817
0.3430433622539142 80.9922062461262
11.991366213098098 80.70024862685153
89.5265297937668 98.88236850342837
78.59119810480236 41.83643814252971
33.02843744901944 25.248569859162405
74.28987848533998 37.674209562936944
59.90004127844926 1.7699256564186694
96.14919518047857 24.41441102804166
75.58280191435928 95.43556576545512
93.53811909836605 37.97265634619183
74.79546832670067 68.54323841179429
94.88833207296659 11.131987890721673
7.473449862438497 56.11364377092099
27.18151789678854 26.639357362993554
54.688772105273266 46.34251955491307
24.635817079401622 33.79191152732899
13.844657739011112 57.421010094493305
64.43979444824399 53.924468518593415
55.639979506163606 66.99066913207336
46.17988845905347 52.79294956653149
3.4253865620313073 24.30184842683896
10.14683565111808 17.669872182700473
47.379761634865616 18.621364230079017
24.664196640088388 87.58576494149108
30.192397514787604 83.92874667256568
91.24643783001707 7.448928469601713
78.83363377540309 15.602340956614313
5.286680990220061 13.808541698693933
2.834938137940235 15.615007223799882
11.640277217290041 50.49690572321231
34.10281194125826 18.00010655462916
32.9839767677113 67.65927109993972
44.88134337016619 13.391247341375855
93.57581292626168 6.991288879443913
48.43416601622318 21.649699940445622
16.843092354424837 80.51851484048699
23.19591641789014 40.939509473402346
57.86384037508384 39.12469864939955
30.40472571145363 64.02427466943273
14.49858718758712 41.43237518258268
62.388945081853834 29.735650826890602
87.56955248975781 2.87226385334316
59.686559646970785 76.03765423226527
43.50228336525983 45.301688254974195
84.70353762025252 85.73093823793344
32.7360802457914 93.10302005105375
21.812119471147806 32.0866299156728
93.90761702787181 57.13489468809073
3.3618027018483376 70.32971182789692
20.42166304422568 28.635470491777294
6.1702887685455625 70.02769525314855
15.03143474751517 25.037343612714903
77.95713511712663 7.972203807389844
99.4891340255261 57.50254670294185
3.009400965882547 88.18271046779876
76.38523705619555 73.11257194521713
69.71769219476475 49.52856365701821
26.394621795891638 29.059421863977875
31.998655537042954 72.09148576047625
83.84119980737775 46.395340644757546
58.33403385544085 44.28658946664073
52.44253717699745 45.30577526063201
77.84742812563995 99.07222653147143
41.4485778239157 89.01693798429226
58.162611220373975 78.92181078273933
69.87295560879586 25.156139377288156
79.71456415605644 95.3972430026725
11.876618872479073 33.565116774379646
53.5472781755446 83.48414337556538
39.69588869765238 83.23545191093372
92.6492857873011 55.07689100155556
65.86891819961981 50.44357847559383
23.380099976995016 25.097995364770863
91.47502235730069 46.4975893188766
56.313812429306275 11.252367163600507
