# User's coordinates
18.19703103810626 0.5369117411776259
95.66964078269648 75.59732921841658
60.531141779956464 64.80873202186017
2.3591520304112157 81.58509323289621
23.265457949639156 94.0529984420882
4.534171338950133 32.06933517516769
76.12588603019339 34.79781936597522
13.465984300512023 71.24436789152055
5.135101895891747 0.8029969509026569
19.997344440531517 70.50711418108092
41.72527807552113 87.42017411487892
82.28052711917726 85.59461009730535
98.444862337665 44.059362583594776
60.31386251382273 7.046095910765693
58.861083803921986 69.50552998463037
5.757789594716756 51.234760539634316
67.26699233386549 22.523341019115684
10.273286727294295 98.95634790523363
47.01247419184713 35.6941505086126
23.358005368930932 63.30375591921696
81.46893551854821 8.777328856493916
6.114827591136118 4.7026058541614235
67.522352200982 96.76050705395478
12.456725966993055 13.730042791701802
78.3166025205318 0.5726709769283023
93.63747264256345 4.830977857217089
44.06913674528583 14.367596635561075
80.46543308572008 18.686876647646212
47.56118092946237 88.1231323760684
37.42079627904047 65.26530519075686
8.087636231692096 20.559704014954995
33.90825659457137 81.74322078889469
33.08739588744572 63.014278961359636
24.991216300345563 9.868236312222756
86.97079904811682 6.903073054173603
48.40440761533471 65.12532912553175
42.06306116423152 72.0743256047584
68.60349547321731 23.980622681381426
99.7386872225681 12.207053887259878
74.49453447117837 92.32968412878405
5.728886820405144 64.45554173602581
76.41733665272514 91.75046890284742
22.47893437101561 73.62449917583986
97.61129114218738 5.781474670229136
38.6871334319413 58.68766244225024
49.516714250642735 19.481303150239228
10.33873942017789 25.807306481859026
67.02785222840569 53.376909835707444
4.465308411167879 33.59503802277371
88.04145981888263 82.18808604844628
75.51247312244561 14.418735578127418
43.90951914076361 75.47232733876082
2.908876919422698 38.44158152558449
49.16076802205269 33.226854095698386
99.21666882230646 31.810096157005173
90.75656773171332 71.88583143998089
60.706153382677556 51.49000284418956
92.51412858721227 85.69565538998894
76.81067351388819 67.7158412025472
13.564582406457681 9.235774670389695
11.227305525909781 17.03704431293689
5.905156683159685 6.470871667876265
87.20704444027231 53.0300329761028
83.92386525123892 56.781618627228426
7.521682997712786 11.379721429588052
13.716729823649976 31.263110332654996
29.47527478741405 94.63305962188124
34.62835767450632 11.301271413831648
0.12051469644043245 22.485727648492638
67.08550932746805 67.52279249254744
66.68715687442679 22.39230470916801
31.559141180056848 78.09944554998692
16.027784456478745 71.80995316610964
65.23790062698055 72.71949796685378
85.47306711334117 90.28629862650848
18.356952699711226 18.35990495789488
48.855626211879844 52.42698547251692
8.637523834205485 86.19540014561375
38.88894072199348 48.36713763194395
25.06764826525324 18.549547895749196
43.171753259542086 42.01199674271777
85.55762572755617 46.50974039865211
43.47021382643492 71.01572559485452
23.07557103044201 78.04309340848988
37.06379733485502 14.431876987495452
29.68965251844411 20.90533403036431
51.43294829685201 91.88682194326962
52.22984142327653 35.655483908789485
80.98549028246977 50.19401412039684
51.57256151230999 83.15582224503962
16.73831380265983 62.473089350083924
63.40626640991053 38.88401364681351
83.548160348341 20.456664550551363
73.5675792577527 86.8039858449085
98.86691452946047 19.177111916917244
90.39095697068441 27.93122909938325
44.994433795091936 82.9856701547387
39.75804089555937 77.5001772929026
99.49364280902317 58.48553179228747
25.24927401382652 89.66189200251658
5.40503762013066 30.113757698950927
27.668080139593876 46.09338032893686
7.5174685995384465 79.96707313864924
48.32848628301362 2.098067139599946
65.60461755712748 6.599470859613065
65.31664482148244 38.307458246542346
51.06328514212712 34.438535271228965
44.52585823174269 0.3083246012654195
27.434419745605965 42.6429747039703
40.46686995293464 51.32872246028357
23.070730880387924 33.33742538454367
74.04599561041294 45.27155742809512
54.614208738508175 28.624352085601423
73.75901982868281 10.798637664826671
48.278101744952394 46.881105006324695
65.12798976158699 80.43827106078334
2.6068219337642473 6.064352413353014
96.2642523794755 18.246653846824657
36.579472152741566 44.898744085155805
15.84994330061794 68.0240544454582
41.92294422815144 19.49115806460493
36.206059859444096 34.44783769987689
20.25828402115034 18.403907312521163
89.2725725596611 58.2105603122471
96.91763527082456 12.920733875775525
30.091213895347448 12.52475777193377
84.34462790953506 14.235077042063438
35.00390456992195 88.91468829245251
27.143574261687565 72.86729316550343
27.081539210819205 84.81943900618192
16.430988238518964 16.0651757551583
90.40222659240143 96.56324272431843
31.009778162173685 70.65770254060853
45.309991970929595 84.17818976446576
47.07720266462102 66.45927386695124
42.62872789662756 44.775709508675696
49.29280753754559 43.41713594350502
4.62994020101859 93.46970031755964
21.77107316708673 98.19812642763796
23.930391723445577 74.40166536692074
60.368571881612574 14.398088322332525
88.89670978802496 61.368691124718175
36.328006483919765 40.77253326215418
50.83998502559718 22.970405929346782
27.43751466360066 84.08297375221017
54.85463363469177 23.997540437962396
23.00468093987027 39.37936131919678
30.470508362217487 61.10954680257329
6.8845698937418875 49.351205847405986
91.72885547473116 83.77792950349017
73.50499259477102 63.18107673476373
18.240649535651364 74.374555320095
34.55064872046424 63.70961848196559
36.64190941346084 45.823864118592894
34.74632226819043 18.740954589232285
37.00615471831732 61.93002237177221
68.70508973284025 60.84624975625946
73.96854175256358 77.76218746074012
30.00181264135606 23.552771773458424
17.76756816891031 35.0795378438438
16.106370301591653 82.16904937313387
43.821581842543125 43.75808774158062
59.39009780643018 29.472734402750245
68.13847854159373 11.510975790450207
74.93540209420425 99.2902534727631
68.96220934728358 33.609554672433106
96.22104272721388 74.64470501823155
30.85168251948822 43.1157330892197
93.02855871131463 37.436241841720644
81.22794046357012 27.04615641601128
65.19644668804393 96.42567835413166
97.81529367964322 81.10922634591589
48.176067546522205 60.81043962911158
35.89863591328234 12.502422131598056
12.664247781373295 49.331074062738125
97.99989029666197 97.62459416111106
64.66627734810292 21.66264842527189
30.226014158995117 60.41537165418619
25.265947085369078 47.242654572839506
26.75151844675584 16.33986575295625
0.13385049578884534 10.949826265093654
14.235308670360226 96.22586510212409
56.23918235839631 63.40617005075902
0.5590493890884285 11.97179309477685
34.18928308187591 96.2034540040791
71.2875483038518 44.63957307116962
45.663883444814616 48.163887643283445
9.83691517075057 35.21139425312337
47.44321015868203 73.68737088082787
58.72741919243934 38.48762470879231
69.86354394190005 79.16761404205106
11.349060098121877 16.79426222675382
20.408023139507847 48.09753621018662
39.85649667741213 44.32724507873414
59.64861023741478 87.27454636688076
25.125176597723176 46.41721873736125
17.684249481078307 47.778288976403516
47.47478614123363 2.9012792129809006
53.65542719259522 37.05002912596173
56.73626169301903 81.45872097410071
76.26114464910847 1.336274702448803
84.96181465230941 96.87992161847995
33.26460867870023 84.93434350294007
72.28765951034006 35.09687943388627
69.17206501307068 50.871824389151286
57.75245718061134 31.58023384433657
95.04747550334291 85.11990833290395
15.3563641502523 59.09803528068925
49.91251216560183 80.40510649328394
98.95459953599554 1.2988377442248122
22.546349601207737 93.06632080707843
65.29183174933696 77.77166983405932
66.71296533951836 99.03351946079162
68.77566216839213 76.73304632999366
29.40559455319417 31.586799711253178
18.143069462328597 36.22097469572068
43.13412310302298 42.495088426935354
63.68378973749943 88.13505321805211
27.658786909620968 42.43588892160788
26.13457428515611 50.063402882224416
50.178487894509395 90.40237944924951
84.28045090305454 59.659321662222034
39.70750379910608 59.70889987036503
44.860710728420386 62.546879519276985
30.678502154946464 63.498527374011594
64.89906343094367 56.393249917306775
91.87946780032387 98.65948970526426
72.15735628760102 41.939821630816866
10.646375276742702 92.2101391706215
42.714470920546546 59.94030100590408
93.46392839471902 37.156938565222184
31.465983874923577 89.20950604984704
82.82903613522478 22.85056704717252
26.627108441393432 73.13380522364919
2.711402683352915 55.62314531174374
95.67095579152085 80.23750747980799
97.01273829645382 65.62000273277616
40.71631454980478 45.60413303398676
3.0369509192292754 0.39851678714450944
42.413243271195064 46.44857968128978
20.072608896168553 81.00451708529394
20.631770505740988 16.002821368550414
87.5454685671967 89.61814226121145
34.520036841075154 97.9545436703265
52.43647326005427 27.667656598444633
58.51137995425304 61.03842604842611
28.403009101860544 94.30219328045104
12.87503315759202 58.94525715919598
2.277369798605766 2.712313770974184
13.084197210136228 60.492759470776
20.78688000913115 68.71370631295964
24.97868513290813 6.772851349653719
28.342383466903208 66.43418988277008
42.89548698110514 46.38597190752448
94.92293181272184 96.8507629805157
67.96919755418543 7.7585589009544265
39.87107664306506 54.367830194677644
71.92223003517768 42.296068193371326
51.4989401610699 82.6675868698227
45.807533463641924 96.71513770576544
93.40588772453276 33.148068099965144
81.51282707726199 18.316975742170516
52.428173382611774 19.340435511447417
11.205627939851148 15.834096885697202
87.46055129060596 72.29477215296255
60.16579584135009 30.348333535231763
71.29878655994182 15.526526215842617
61.106965343393846 18.430214937452995
22.884432595144876 42.63143315554202
57.105556619988626 56.31282420967491
41.239330769076886 35.56803817071557
86.86392924718976 76.1166801524807
40.95674660610303 7.174918053719104
29.064280979376043 84.8890165322655
10.90322069736408 40.70831636445823
94.82805551371881 92.39111140255012
70.53690349568912 52.3001958981164
57.66953882642763 14.530424871370307
7.971397719281514 36.970702359463736
0.5684174217142846 18.095373568105266
14.705618186350566 59.05654898237781
10.93931033581368 53.33690111646078
53.26042957991947 99.5872269057843
7.129226631961039 61.07136994653768
20.734179690578358 92.46274047436948
20.828079160861577 68.68146857134772
56.50178846391319 47.40883716938315
59.119812101211544 73.74269902262527
34.13903910479217 87.28315836362631
23.75123176636429 10.689351316859474
45.981263935493175 36.31803137768337
76.24881865062237 29.160369647662744
23.94387720284157 98.73461966366455
53.6059978704934 62.23769182111235
52.06614866935057 49.02416174742091
16.564926945720448 29.717176975362957
79.57652285666488 41.104819174725094
38.660152170879456 93.42323278271593
21.98861222738573 30.834843517787736
68.11852105232676 37.6468397421101
74.19606414012598 50.15565675108008
26.815039110543403 81.38878530468759
71.56727201722045 62.32719212010478
98.16544390813738 48.11159776099541
34.50436623759866 73.09522900638811
64.65502247554438 16.489210682368327
22.722188995794735 22.362660988003235
82.35225668474915 79.48015733834917
3.8266199911960785 71.02047642435882
59.85207721558573 57.53077141570107
95.6856110931558 99.31099811173168
47.4319893383393 80.23634662238437
19.59630567697026 52.072519210188204
49.45677728712705 90.51158702467696
16.518011824732636 73.40218143045348
71.18874756648137 48.70303095561962
27.005046871331494 46.81843955622329
29.487870557573693 99.3694101764751
38.46340299051681 92.71545186086445
34.30003280106022 54.45411812417087
36.140092866139106 86.47924816487706
52.6775704888695 82.48458267343696
61.95446065396789 59.04383269210031
57.25873032447011 7.111794029513252
11.879711238593737 33.744516324540406
92.1979606110175 21.803865540282786
85.52875036936636 93.26869680463851
95.07523885924469 63.05675578916353
22.26498707168182 24.753973077493864
72.36587184718081 37.33209409317021
76.0566902115612 39.97695077767198
21.563230124896894 65.85132846867575
70.79081542596917 54.34480158364268
49.14631614783244 46.592751478186315
17.108617303793196 61.51528964544782
95.64525547952172 79.33079270871275
92.85323358149456 15.721440604117765
60.40110651598467 45.22762932069146
49.58333240763142 53.25582169685035
56.99012085060241 84.72635832818263
96.22073153921416 79.71802243381546
83.82157347944386 39.055923296649574
98.76716120601017 21.210499154191265
82.22769776192216 88.16533698152858
24.531058082188327 72.12582040569261
99.88458290157652 60.14494334250228
44.25374603597889 16.656152028131356
86.67041107407701 41.198992349430696
32.92600834798138 92.7926564512601
15.577635169951677 71.60985201032088
21.280721223774567 81.63805561534441
86.02516494177577 29.181027348744536
86.33871059169657 45.07791069969116
45.30977971095132 32.446610809260754
85.57120192024816 84.2985839500017
36.749470022632394 36.4728557073056
28.154283643375077 72.23351657624796
17.510382865372275 87.17641461681137
50.725487171674374 0.8113126513129898
85.56501735942426 58.21391938601342
28.351209834981926 90.18829135430457
89.65368448309917 35.31649932810193
1.2902563334081463 28.309070368715695
69.68975500757769 93.93621288327542
98.48241413936348 41.90149195039914
83.52838834758359 0.11444457480853654
10.383571832059479 34.32945399282843
71.78755203718102 69.4407510276556
82.73939455045826 44.30106703010161
1.7548911942482093 56.28875586365357
9.103009385826134 33.3983786939814
46.236226712939185 27.51929413778115
39.44510901132444 74.36229211701999
31.157547967712627 3.8331300739568475
43.27819092546265 64.85196500342282
67.73761382063888 45.058341146809624
84.19836119478236 56.797922943359595
95.6478516619683 59.05767485258596
38.309637859889634 60.11622757353477
83.40285185347625 75.55453184978414
93.4548004642435 27.253167256515898
92.70353172800864 93.13842683191234
65.19513667788274 63.02119792751484
95.22550671597942 42.94311019386326
84.71486126666308 79.85605317769502
68.21219324649988 96.00776400372962
47.53990007164498 37.05529352309499
2.97072582643203 81.19221101167943
68.16002167220128 64.94629566877288
12.07810645521674 95.02793213043572
16.126827179157168 42.86182119388437
58.25985235173378 88.79448238090147
27.398995701802807 38.85089386410057
51.94727186623891 97.47800147107758
2.3252175804125863 92.57694659907956
47.36783261718509 66.92140645382608
28.133511907177468 12.492354403535789
95.93636527779726 63.27386391176633
76.89553087334714 9.38016746209599
60.2802494119414 90.9040613450587
3.4081551023697143 7.611942153221197
84.15946265366705 4.022487944538833
92.47693847095687 72.1172769396063
42.78994684976737 52.377920172406675
88.6986822797064 20.6176850525452
42.550552236957294 94.68637392345074
17.33188840349189 6.7286443017373525
32.92454166888321 79.06863187747047
2.5687013816122595 94.50180966347692
84.41372073443752 33.03328549935626
42.802753471062736 96.5311301871245
3.5473608643458054 47.27504222297101
7.9416636312937054 32.846057414542884
75.72541468804272 0.1589376712840873
97.50003429055793 11.234581828090363
91.95268363276816 46.690840979463786
96.13189638834446 33.37281347371874
22.340717768720186 54.42468297347681
40.80726056897204 92.77351100946666
58.7534698048799 96.4329566712772
19.370283307110725 86.84098332454458
53.74256376122819 76.77654433839363
2.641795629746768 54.41865242473395
16.02122615055809 33.04489577544415
81.45248385924371 92.72174732437055
6.16988932567274 33.82739093271048
11.974743491654504 37.017270913511034
86.5820736208938 89.06144682357089
95.05278735127419 66.11162769873019
41.69595551112604 15.960136374898614
23.82023630324731 90.23171818564872
12.334572945147492 72.21599932703896
16.993998562355795 95.95182128970877
20.052516293684285 75.99853897367662
26.0481429453547 31.41061352059966
73.58389157429075 61.49332642467316
40.22131397210049 9.727939968479216
85.38075832519347 17.968948342080758
40.359987791304 50.77751382510627
62.3424614495843 12.807963846907189
80.45287662424853 84.71569747178565
33.862088208542886 98.69906786856939
63.11626538519107 23.86860351102427
20.83408794448426 49.8742670675145
3.593833851169448 8.85106611436064
27.837205301296507 40.945664722161055
23.115472219299793 17.102082173945977
63.40519569708476 21.58272611488965
40.563179103631775 29.613464364668097
23.691963747278354 75.86057107401234
54.00741176999012 18.700811444856424
87.77996660370687 2.6785217025601327
62.2125258597918 36.44593111754636
97.68056047635274 60.507684962899624
78.13511625810611 24.52794771383642
49.842072081910295 47.064042660427305
72.01922261728116 9.595705263933818
27.461456922072212 81.65130956739065
66.5802412009875 74.24443422492529
72.63906678076421 48.66920469388081
71.74042130430401 44.20612186429559
37.55992253185331 48.34659361710675
58.35928067509811 55.289882336739446
44.44468689985306 51.34847476082612
64.85320055442291 90.86192347226749
85.12714052085065 16.13326655542312
87.41105075680457 2.372171079058605
50.096253893802036 4.666504531572624
82.4771628865978 43.65767895010588
9.343025220068712 55.651812108860874
4.526096123282897 84.26992003376611
76.41119262153813 99.94732160837626
86.54571095398047 48.757898337167916
14.646404900597654 16.23626345675888
3.557523624331027 46.99420095682374
34.67925921600879 85.79826568198085
87.88335628462805 98.79060931143786
14.158516704896895 42.894429657694076
41.54523242193717 12.07420867733553
79.84265692530354 86.33237947692993
3.1519718648658435 47.442070226163715
22.648232654858123 58.74026302281858
74.32018547864307 31.703658685314583
72.95544242447059 40.639270628484766
9.218988603754074 22.614597609183885
87.89684333351717 21.016707975467053
78.72457076546381 66.48600667614079
73.25934199506293 71.9117121817878
63.85017606029213 95.92916658330888
91.16280902245458 87.84514576753911
51.642916415085 44.527185249239395
80.80140326375523 97.42479581179931
44.12111212051063 90.52716246665418
6.481128884330511 69.24779413023849
89.0975531162661 41.10574216830899
28.27938225164347 0.984512457905784
65.72022330770173 54.30702174511157
36.269029772718 96.42822711972721
32.57279333995541 94.25154744981926
21.55509045335163 8.184247888900298
92.0525897994972 23.84128240479425
17.745242704124 27.61893198342653
78.94170979750552 47.521521124469366
17.74469945531112 88.63672322642101
90.60290263640178 90.17556418858818
78.45095616122086 30.309899212931157
8.544671917230906 56.923142364881244
2.5946729584850448 79.13904932563342
20.33711137879106 11.317007374430554
65.10739113226134 77.87794635606204
61.99397518706458 17.929620186786654
79.79024686486507 76.00277572702393
32.85159879593492 88.44486122151285
66.46987680437057 49.05740440964935
27.81548240505406 70.57143768908391
7.2031677131482175 2.0323700460931793
29.19157705004338 91.9625332190322
69.85814269976596 1.1900414213955157
91.15065596315956 49.6071042147536
3.3512966638732156 35.60267196834338
21.805515123281637 42.87345760362696
74.37624656813851 83.86061949767509
97.37361785923527 12.771224229136779
18.8757824535964 84.36857608251374
71.10224296453679 21.8894050664036
20.161172525318726 71.97354526697646
34.208424938373675 99.99831203005762
31.151366219691234 13.914419950952361
19.93715111193647 91.38665763630195
14.088579850921313 52.37575186898894
30.19032655198888 79.41928438267641
6.200467460486014 77.98302968619497
75.11190229643657 30.01367683260345
32.66407777158016 35.54100921491745
61.61990367647908 70.19129984548749
80.87536592877102 79.38412204549847
81.6415696338581 38.93349843136139
13.268173998652577 5.041279234991536
80.32510427954266 8.123396316021536
25.541120131896168 80.32264516237126
14.769929821546079 96.83947980212898
57.121456619738574 13.678406062108694
73.71593143109754 25.708007787289755
20.879594465202334 92.62252927618572
89.85876944678682 58.058424073016454
33.73279765062725 26.757478840899886
34.05578216057057 51.71361141461991
45.527033185469875 61.965565030644555
34.12422285734783 54.54193559055875
87.49403397254677 74.70944103610275
13.797182015444854 28.0123115814922
80.9374105916526 33.697391808571254
19.674534227481665 81.20507819701172
40.555440705147504 22.532018287888977
66.36317389256516 75.05253276841353
98.77652173333706 81.29315692854316
86.50915785440985 43.277884484897264
90.89034430231607 8.84933568375258
35.55339345791092 48.11758194585573
90.49271362813597 24.762187732463314
57.900669618267585 29.080534534046144
77.0160127881488 6.886302610218664
8.797834531180094 20.263759604635688
24.953286731741574 64.58628867890538
41.073031349173185 93.95456986750986
15.755193000076028 30.901852249952945
14.612137907570233 47.24930484252189
63.76605251730575 53.541710608482354
24.758563243291775 85.61992201918915
57.34946219552906 44.154967935989475
28.21119300214705 70.43807842111185
61.77030839851349 28.88103907182321
76.37057994683879 67.38277496978667
25.029085453248513 18.694499922226814
29.24854319503858 78.73662417780737
95.23407624141662 50.25307436347916
48.03486135398703 34.76487288105381
11.09856693277541 78.13220026816315
86.2435898872824 27.22558165994011
30.069041850566748 65.91419315506614
13.050158633061937 67.64019276446538
29.66798829931223 15.689772785007461
96.46642331566159 36.07870064561459
74.44701284586043 54.94510880910194
86.9684616098826 29.123325406945145
81.41954221966785 95.29557270172987
68.37116685512173 52.26738920073629
7.45524403897072 94.12737597330424
88.76491470881385 56.828054537242146
63.44487017531314 18.073377481191944
69.01925838767212 45.258349051851035
3.092403438497049 15.63501148016555
31.157511442709218 47.124520366730216
68.18643370387153 39.746597118708195
98.25976212146914 77.10087537050619
51.31911858611819 60.4445558328622
81.2793354398742 49.83455809334073
12.193858253898204 82.07647661577184
41.30834641892706 79.66367066121013
54.29875883920836 17.384751317805534
24.35464779718962 78.08539665860252
97.84510775549262 89.37244256925695
88.25793865893725 76.2178989807515
62.897215951139664 12.39505258799316
3.312282853068882 54.57928535633773
56.63074343129711 80.07824905560304
89.76399014447101 67.80088555599687
34.75533134036056 9.636462376397247
81.68432313644604 28.64333158483767
94.92019489253853 38.811971900546524
17.795824389468386 55.34285684687094
22.691064472538468 8.579841878924022
81.89722268211916 51.09640187007597
37.928027983979284 24.794632631812917
51.6536852516984 8.123392409507414
88.34261597650823 59.404816692056016
7.530387882177248 55.39935871679595
9.44143174484935 66.00000617610883
84.6153773220186 5.403724680122957
63.1089047185942 2.029669334191253
71.43988100458199 94.79970537406807
83.64573467220715 18.208810468239122
41.4198864064344 23.01398945888231
69.80400006878952 84.63850312684585
60.704651231408235 79.85904968683879
14.55407533698322 82.09983139616358
1.851488615882091 25.48873366261102
81.01493228707159 15.786633481785373
45.09544100742801 64.4886381891415
66.29550034759272 6.536374966570325
47.490036983826165 1.854960196382982
41.538053997208394 50.70590002801234
80.50565094959794 52.734835590648665
33.24096695094835 22.581367941704023
18.1846475154283 32.39834872756199
78.08168467224506 27.574485806090678
31.163832977589024 2.6948459905047795
85.29491289384752 40.19960937941427
60.72527472131557 0.3073182779165906
66.05320851459847 74.49466188306154
45.838898242381966 56.02035672476286
83.53461668157252 38.8789078200141
69.56583655677645 62.24714158200918
88.57612235458062 92.36407769864306
83.36100879077154 90.92538079735615
61.23529545404549 13.809181412119887
78.94147662118698 45.856451053437866
2.396314607172434 38.37484860652102
12.342770574306094 81.20303787195644
7.663900049941019 42.93748566229381
37.235429894865476 2.1346335379153314
28.018664827342832 74.70222579886476
88.47733435236873 99.89325091284317
72.74748299737642 55.39228852108751
45.79304343343898 54.59704987909502
86.34903718447264 94.22277663880602
15.732149559745901 2.217008261893383
92.06614809410225 25.67405185255758
75.62792179722707 7.4523701738674735
67.62082666497797 77.8029893468572
54.549231935069606 5.817308855974879
52.349166429621704 79.09272868989979
58.977577929082116 35.09627436086886
68.84437386427032 94.80258110311904
89.08438027078151 40.166539235851374
18.11327308185213 7.170936990677157
17.239883525108823 15.780223071150301
47.417770718261124 43.57247519809315
67.53285635202208 75.47571904655076
47.718186180678735 54.58015112243565
65.88648357859273 62.132775863733826
56.03624900391432 26.122352823211735
53.54270939502656 87.03357103754907
86.28556508667633 66.86051835067343
72.77894591911101 93.31551042953858
3.7655307890224643 53.91782673210983
0.07551305180094614 85.8570711820513
89.28651598593372 63.25843290023121
32.38179593624763 65.46899199392045
71.92971082856711 19.055834014646578
28.964008406933683 60.372159159768
66.98265329818369 14.055584962971967
51.70122184327901 62.95981049448657
51.518049393222284 89.73685825839081
34.053315693456284 38.91433743021653
73.8866452901782 66.91298914664725
86.00189861201967 61.96222671678674
85.22500217495775 76.60368123382325
87.61411639499636 71.94246978439695
96.90933444041774 43.23282633726936
59.95755098673504 58.3756955239349
87.17291700001716 70.97010192694839
37.678397765228496 81.37810703474341
96.77550525642226 22.86318742898984
46.438500362285154 75.18031109163562
25.1570508026435 52.12643660501352
74.29372313046943 98.64377072952287
82.96795309628544 50.74934147159142
74.17767124567213 77.0033638535995
78.91652158417737 65.89418837288457
61.445568048534646 14.100134457005886
44.551964732210514 34.65336590695581
15.111218455913388 63.78741635374936
30.691559807891878 8.25094070093132
46.24409301821994 80.15909347983732
18.294591079069665 99.04234060463784
84.10296609539762 6.041234906077042
93.66316678146724 73.48895063849822
39.46648774669206 52.90875595276646
25.46847125070085 37.31097415798654
95.56833880910216 47.29395827828778
28.08868656549913 7.877683474494224
74.53772303791966 31.568061653494752
86.78771371475743 16.42254499504341
85.21989367480126 53.874895026801084
96.20982158859502 89.0767908309546
63.10842441729167 36.479222517873
90.28049822621189 55.19518440703139
40.661027133580795 82.255357223352
94.32426016258852 11.277885042427515
68.23087662380105 55.11876890042453
15.415788728604918 41.093851022806504
24.36530099884886 38.32078748818557
64.50603335382652 15.087271165060956
50.956151953485396 18.908105764587912
28.577275122921087 74.16994227348145
15.449296262395173 97.94192161411021
62.45856094518367 41.786643238529685
78.36739959579572 33.47794272384619
50.606059667361556 98.68190178514527
91.18592975703164 55.48912217144706
35.02797758832893 84.32304371878946
13.923910784556636 24.461764979104906
65.61017184502741 8.319323779422394
79.87290732690781 68.97845696541039
38.25468191303321 21.027461700984627
52.99237264470009 91.37987505570717
27.62575004486447 94.67140228443344
27.06593687361274 16.44651918133254
4.697188305454825 27.15000562258938
28.91225487924719 40.857922052516784
88.23847153948313 26.427116910499603
1.8789586397312652 3.413239439034632
1.5867558853257746 92.74851199773133
65.80039754189853 91.32370718838835
59.514712715103656 52.80013087266619
14.612413738070973 93.55293522989395
51.19743573147561 0.8024417395211536
6.571714464053436 29.040344740389866
86.89281997395246 49.85213152699563
35.154720612949994 53.837580596626196
64.28855228106434 0.7048708316709784
8.454491515730055 9.757085994823477
38.45810407478161 48.219791544217195
19.550448487108262 6.745095066712626
59.67359564508943 9.72497653346095
89.02952885115943 84.93862908340553
10.814694951933912 66.66123719782328
15.107649877312678 62.550676314438455
29.974638507761696 8.288536753099407
37.05587957897545 86.93829021116626
55.48030291858412 72.31411632647017
6.886171389344398 43.63307386224341
48.01425531010798 77.0062838779274
14.005181549375001 4.956364213050302
52.79864957635378 66.98704117428197
70.16446997656443 49.62923641952661
19.982382673032404 57.247067899976415
54.64601789402123 10.898776277863087
42.45208736622437 67.9611745036056
81.91028179290328 85.40316917177462
81.988768267393 37.85368994869934
17.617201497665025 62.645208851247055
17.59386468706562 60.32582609555042
56.3311787533362 83.9337709754854
78.99569537001236 60.37953120497993
49.56847219971636 3.96895711154418
2.8430897065044314 29.683482556901918
84.06045065521045 89.36892463852844
27.34202240070205 66.32111612179882
26.43390785366988 87.30821866019835
48.84498389193176 86.00481986990822
94.75906665818073 16.123923108508066
84.0242479485681 61.58666206517246
27.514268054011193 23.24709960321618
36.469497615283764 84.71151965524398
0.45585146262180354 80.44408308545559
55.919728363493306 70.38719400216773
50.41135688720588 66.58791477577556
8.643978815781983 96.14844308937437
92.20883425304811 68.08948976578067
8.38478899238584 67.42688503434827
33.079193277877486 7.001915231310418
92.7124538611678 45.95313670352723
47.82262756182093 41.84714820071351
26.368973167856367 77.56735126211429
24.8272374851051 93.46207773309652
70.46908083530721 8.41608793573937
68.34576348326948 54.46979113293757
7.196406511778464 37.856546732676435
43.72443676265188 25.941413218928922
47.01128186543435 64.21997260104257
51.928707292152545 68.5025555413954
38.92268073915298 64.72410654396886
95.41088633881431 97.77220143814695
3.8266999150288084 17.902161781114543
51.51469641064088 36.10714519652274
60.269754590191205 1.4917592352136744
61.734041555546305 57.13235963026324
88.52852995357249 48.51438166573095
64.37112638144401 73.39307964835935
59.05247133948996 82.54339918522254
0.2836973406759369 33.015666872616535
70.43024719340383 33.299437899050425
13.094845671401888 66.18454545409473
92.87254669036919 87.062967544902
28.144933945425677 71.16246636412077
74.8768780341409 7.737729583792918
69.93650551784152 37.04501278347574
20.33727084128767 74.08935497299967
85.91645549551946 90.04663804246015
58.230546647969305 26.133360835778884
43.68010189702507 45.988126948001316
46.187626728357486 35.426284440545494
16.758409832011665 9.495927602015497
99.3775149635808 8.755846265595435
11.992381719185829 85.12995151816054
48.6816451394748 25.37343892867089
42.02953145260779 35.948180995930024
99.70462386838268 96.03076333709664
11.91252843930204 90.7415709127051
71.86751442015034 15.374089998797903
61.46803007156755 53.69843410652118
99.74185379732164 16.292311516322567
13.17358815940539 15.662220518290336
68.95157004729252 3.344955617319778
62.00425929715576 41.2241328232849
39.419784296186855 65.08207774740575
20.789594909567334 70.20624832869163
39.706079803231674 5.479538986232891
34.228155282959946 81.41572015778686
33.015299207773275 58.74128517331146
41.22743345998279 53.26737809275697
85.22661274049882 81.15592710383167
92.4913537764318 56.86475950635471
56.111822108460075 77.99955393004949
22.911273020794553 10.846149983986564
19.30342212132945 71.39546100630061
97.98773442799042 32.2143601072724
81.82577199012363 12.384454631856523
95.05358757845283 13.556640818710708
90.1665754689171 52.094227158309096
31.06172108479598 25.854524137644685
22.386277415522436 29.764063575893328
32.63339559364887 32.95286748232195
5.146907279371393 69.89997381249053
76.02692796289482 63.58186999624949
42.499068610710125 94.19828743810946
56.387249630563765 78.00897228888472
93.77172597830905 89.35921905529361
14.475677282898403 61.15647674302506
92.68793712198936 93.00645107326191
93.44068368234252 19.726855355200957
6.246467423330682 45.10621472153198
10.28927003665997 40.55033604112799
26.752523467768263 52.56520076210012
19.247778525274807 83.88951221761916
60.63748590675807 57.976244567832914
89.242399267187 67.61896619435824
23.117402106209507 62.285436679584194
65.36972603613741 32.836334421537984
53.8513263122009 89.41571050682313
5.935287631655806 48.26724714040108
40.222421384479276 89.21889959181603
31.140561539788315 78.83377751160945
62.02476770025013 95.84388213469587
42.64641705283437 66.09756480199883
1.5167247041141696 54.43502482105295
17.046554441043295 66.84606652503231
68.01098273195332 85.67101662019414
35.7439232264756 60.20417583689106
55.720004520075484 34.227210479238025
64.66089967124404 77.75944607971242
73.61145118759647 82.1738600596876
61.41545742599299 62.10249990303291
5.6289058257353535 72.99411571288432
44.57351629996265 22.543312260009596
8.769604663910302 13.286625149119535
96.3335171195255 46.35622685893601
27.940129991267526 72.95034815866322
35.56579790237803 25.162725261212195
5.915682837512182 96.40036494853082
62.97482215886843 52.24593925751441
53.35262606245055 86.57472857549568
24.235621259083494 4.873638727266572
92.68223336249739 55.95891431197823
82.7011721510204 41.9658932601598
2.4092156120231523 12.212745376085199
79.5451368435809 84.98876357037851
80.48866094417079 59.22152300270855
50.877194287001416 43.3093270109031
2.5951125637091788 49.91059264006179
86.47603279711203 57.592366782709725
93.42078790970714 28.66837462361218
98.58104221545898 17.918341229567503
36.54335265201316 54.44887250047765
19.874157420198102 86.36176424276513
50.55896011867698 31.20699413116723
14.52153636388508 77.69831100792887
7.903687494006039 81.08220374123536
8.331540687864603 39.81610384540346
41.99618963528433 91.41163429128596
98.95986803033537 69.27626264472144
96.2739097452411 69.73519060581343
27.10444676088689 55.045616906080255
24.836056260868812 4.042814869352496
48.02469314512419 33.76377032631872
6.971965556681125 47.425805370894835
46.24242882183729 71.02927325279946
36.84132467765442 69.25050950910634
30.23302024528107 60.76676567678341
41.38685588940745 46.91743384624068
97.06542806492348 87.30686068709741
91.49129979265933 27.793812542981357
2.7155257443872483 21.226837200615158
37.93353911011808 86.43941675442484
59.413880488016126 71.94163353861438
88.06839860070312 82.82346534791776
17.159906889275124 58.54393508884947
76.09240575714942 8.284684567628119
78.39814366171055 28.790610103101155
37.903899531893934 37.691555156789356
73.26206271496115 36.8186894080321
28.735369015662148 74.23405174397394
68.78341166718435 7.972256017497193
91.45295935357002 44.97672515335681
79.74357335382322 54.13848010732914
17.360688057193997 83.81611474353173
53.07540861270971 59.11890844298312
96.92531422054962 79.95385346311514
34.512262117468175 66.94175120104593
35.70677563641256 77.72986248901125
10.064369403474494 3.230811885415308
99.13337688384112 62.519461612410076
10.372284403288178 96.18179000287927
42.76806406433135 72.03240650697099
84.24587292076238 92.32893785944641
90.0008092722905 26.700976786771445
30.168743612324846 9.13598682276806
86.86728340057009 13.432316107310449
12.533501430791516 78.2821141084909
42.57423716740041 56.00432364889848
16.999993199476805 44.25859428192228
99.60037738143012 46.64711800868526
54.03571530606368 15.88740340691135
68.32865208193543 92.73323526438763
15.232873662935564 83.66934169680935
45.48154453598906 3.967325803800903
92.95348455734069 10.218918041348656
60.75173487057983 69.85852884904865
90.47666114350204 46.049236134896276
63.424439798765654 25.932235949120972
52.87073063289185 20.243427868372056
63.9447643757607 57.5809421950519
67.61833321625497 92.94508498270295
59.68644090705748 28.550927110115442
69.62444353727115 79.54914946495553
54.05654773959323 53.06045216966299
2.1939570960990085 77.20933335086228
56.377075893273584 28.41161744062084
49.06511639876228 75.54926250182322
45.9538972312557 31.12000592620754
0.38775371590050733 68.73672062051705
44.74047346511046 29.53446857837979
86.54361693453244 84.61847322478675
25.34101151056911 18.576631079711426
91.1697069135836 70.79411228529558
85.02086670161701 0.780087990218703
4.120120912219383 25.152535219468376
52.019581156800534 98.6363954832195
4.664282330580294 9.029708899336164
49.35952328023695 15.18680884068373
21.208188455614994 28.137746159996514
29.0358005618928 40.92093613597876
48.86336734782956 83.16465189355394
16.661736758173816 29.45290587596344
16.07229818990711 57.99217015067847
12.903525885045442 51.58411016699071
43.498942304706524 95.12466229570931
35.38097710063297 10.354816633628982
74.90929599194048 93.79541156590216
10.325571084496222 24.52813084841664
41.032952266530586 71.3348867766723
13.904905168733784 94.82263870597934
22.07380870916189 31.676814844208256
4.479739726957421 53.611307550056296
93.00092037504672 2.4401200615008944
94.0474629110232 60.573153185238716
8.35988627661478 35.077932140998115
60.15366538589741 20.418664610552106
81.53886532770956 35.73456665186312
34.494038876452315 80.38713229977547
50.553082884866775 32.00328610068799
4.91663087240326 61.45312553146491
1.2764348095193223 55.794044560557275
18.788366472017294 91.9285615727383
31.163133941786036 19.641743125182877
10.220341376727848 30.752623482641383
40.83246509444828 34.68076824174781
75.51794994521671 18.358935883328975
7.407315487506305 76.03794103816574
89.90985714187141 2.975439152862447
69.769428276955 75.25273172210038
78.51667272292755 2.106883253928149
99.42996298934823 83.31698537432746
70.26075380806766 5.658208006261267
7.783986134664211 38.96775083125231
21.90363456388118 3.4584884574611285
58.938254521678815 10.828479519641043
13.349324622409252 20.14745435427323
66.5016957410263 9.301282523410103
34.77409336585625 99.22687319701203
42.736976738710254 9.479583021938087
46.107552065040494 95.7544027971067
28.359580150567997 62.724196722139126
74.79350880237297 4.338899934979401
29.697040356203143 59.94236655647103
51.506680960891025 99.2842663898141
38.221512550400796 86.13919041480894
83.40060779813372 79.94150569337499
37.69929249623056 3.9310067315062924
1.6557911212268905 36.3351507243915
98.5840660895633 91.65470998539251
33.82093498722316 47.24938275870988
96.62843134981092 17.633632560355707
94.41850963144051 7.148509391909896
53.64270240324878 29.830218317757584
29.115192912856493 44.39545170959273
79.14522185398441 6.024524323521085
50.75176325156823 33.12217811031375
11.491523511804713 92.35245048417455
28.524019884008656 57.77416596680415
59.208479910075816 99.97985492700097
61.52677175862361 58.2986683314448
73.58832657385491 66.52350805858362
91.60340166183728 15.313858082031718
2.4426959371620094 95.53617219976633
49.55215858913561 79.26540504649971
45.21452894313831 14.898773489706885
72.7763646120566 38.66956652300774
83.13622939493357 41.982313054143404
45.21035906788134 1.1042986117981157
94.73972008186347 72.74102040848291
38.17474469749826 38.500485270391295
53.0374098140571 45.876264287510104
18.737796217608217 99.99090990921727
89.86557293477433 78.10615070432947
15.59965056737248 18.538687919998274
5.848212005706266 7.198516570125168
68.79812725553583 18.652196041429402
73.80905340148908 36.25811475817484
78.16449799723607 73.4236835807275
42.03708502428465 88.15119158346657
65.7475116098686 7.8968770917909215
27.029886665604785 46.1373513565314
47.753970503094564 21.09565002196009
19.826206156241398 56.19342332059259
69.60233562916221 47.612983469153015
12.543445689592748 71.65630541977914
88.40281758479982 60.96383488800119
2.0609801333396627 2.693304401050123
81.21264021231781 62.34715654717641
86.10200513751197 69.52971144765505
99.31496260599098 39.44261351154077
29.07539270563726 42.2670153087265
0.21217513202480554 39.06630638779652
4.550907645222535 94.33151749920077
51.056456484239455 36.25429959861097
94.37858374513408 30.497074264987145
93.64750096248173 30.537583812177704
26.071214142511646 43.242401476071244
17.5714333087465 62.172034187660664
12.710800586977166 57.89986754632081
80.04471278631436 82.07142284092633
51.196902159721155 47.120670437716214
71.12297773141574 10.765877934154911
71.25343534451841 25.537428672344475
19.692167001544814 89.47435904312577
35.77564141553222 72.72622190738373
33.67108205223076 90.16572783023746
32.1299952611257 78.66310344397786
0.5930828693031298 81.11411147396421
27.051753951744352 58.24815177268039
64.4383620532843 11.196970604185486
57.821954260012454 78.79705953733517
16.48610817396976 9.848861044913626
87.13980439706923 90.7153388926271
47.37320242081569 98.90875419875654
0.891301327983085 23.604359097969063
65.09108643181169 97.23724766779387
40.15254020518928 14.42231524877583
54.89355796131205 86.86980953186595
99.91407714683601 98.28982463291358
0.7859629511636546 98.7968351861926
88.74912822910179 67.80893217956724
27.555730859952476 43.90119437379577
41.49670904921013 78.47950793763745
90.50297744122082 0.003773018303987463
96.44753315331707 15.723031639277242
95.03784659212965 90.21546033012935
5.5373123507370785 63.33412446493449
0.906278279998618 12.259606159636283
66.70111598779836 95.06617926510185
27.616680379711557 84.63015619453451
45.77748753334285 34.7900889963984
25.782105642160758 98.16426521399025
30.97154425286732 86.80217106242704
86.43558287124269 76.97448810332364
40.48662085661064 13.228463270369407
55.85695877593281 87.27980512313995
34.407272018616176 21.488985075403367
70.49582751126357 24.94343253167791
68.4905040923409 76.80363906804175
5.639669640418521 1.015138125376358
33.56516376583352 52.04562854008032
94.7716724587887 92.33381100611572
94.9150696947226 57.47876937941518
22.507794484658195 28.230085084516997
53.82959211424249 83.99620673571002
9.24694236839969 93.22373341433678
60.34957004048841 85.84814359520274
46.42231905959541 2.4528226487584903
67.54726175471923 16.04529281799921
74.14483017499882 78.02279660433236
95.26205293184478 34.052911236346326
98.4893604583536 8.03129009646496
58.96449726292252 23.927005404412448
81.5953970086279 65.00528529486738
53.00752267332851 82.31643026818489
86.11043909260177 86.42219768096358
67.84775275029983 72.00353578974129
30.95049079090124 67.68922237920084
74.74362807835934 48.101096212878126
26.19006266127164 96.6542675998435
46.30359118033892 97.44300483226088
0.6860448684338216 53.49732871270048
80.54890139411663 3.540317466723819
30.055277467394838 32.074879826854776
8.01744168142502 10.252363249997954
14.940817068804723 55.43583780026249
39.06138127897992 91.5400251975312
46.046559963487766 9.947993954961786
95.06292145330895 39.556791729854154
55.794418850955076 75.02112518069744
93.93657617240085 64.73882475661384
94.34948934114938 52.007862650757474
51.96797590301014 82.89396834798085
99.96060947763435 79.91120273243554
76.5007280430142 17.7702243860804
71.4047824443795 82.0639937743936
54.0681281612117 8.764025507844163
30.665657962801784 29.472468977700338
65.03333690495407 26.772119398484296
17.383020471709177 25.567840170538393
51.91937782268664 94.34495016000581
21.679571550255616 25.598943390883743
88.39218791762461 44.13756557975114
31.123469954835958 32.44090306923786
31.793480691908748 41.99231157214094
30.294511959158033 92.0195880729693
82.85795251081377 19.517012586567162
19.369127445408772 37.731984503921936
99.7502856635215 54.96922192363505
69.27936472053221 40.78704220801447
71.98663002130795 82.67175427157899
37.40487885074539 14.713628887435505
21.23180424917829 37.50315800796261
91.81582426109782 55.94708948253213
25.13680688595449 69.2350820290846
28.214535293277166 97.90501119872287
99.08617268171581 91.62559561488345
28.273726213382233 54.48372622030142
55.72967914633931 70.60835208142761
97.67535126597936 21.489358109041067
11.397937681879288 51.22345415600347
81.0169831646269 68.71878535874869
1.5543573494740115 47.24252932064908
65.7981437117582 46.201987569196156
48.26231864630007 30.59360439205321
30.367447284191364 73.62579901712074
64.6542028014952 9.149973368806341
83.1050855369468 79.22198531338879
56.42071644256503 5.2006456233074205
37.975851579945164 36.028050587154134
64.11233892923526 3.115950542307655
53.963577947393745 82.1362697438058
48.851661448485196 33.831570329850244
16.87950955250995 31.552099023573653
93.0619046847153 26.26267108140522
32.14181430642814 99.96680534959367
93.31176442552999 22.09558561249867
64.15109817632055 92.42724457566894
52.04076737478063 58.57848136136635
36.95605488189435 64.67366842695446
37.067283429919975 25.736219588081234
38.96469092153231 74.72171158216342
6.911886202134099 50.90118613715448
67.67839065947214 50.46266484396277
91.71002739063094 71.55653354949378
32.04064910655258 20.7675166845966
58.99390865608428 75.02701609922487
75.55545058155987 6.990341824623947
94.160436660261 34.54593846339468
35.19484093386321 45.623728482570456
71.20018074935678 12.910777046458222
43.174771572116846 12.59804189340139
84.44520865578994 60.82226622002147
10.075759832926945 69.04726022433486
68.7492561122804 96.10598647221693
23.046777597703148 60.40115693568558
91.0886659590394 17.831857972826516
10.055400849526364 26.96378405232902
91.69005640575817 91.60872538936052
20.478066263984996 47.40980277149271
45.97226528024828 18.20930323651294
59.561116941383 49.33757269396452
92.20000237071886 26.764966984677375
89.47784884117608 20.822770233134868
93.29862299762314 22.93975724029611
36.8453143058978 38.49803681723771
75.52419078265652 66.42674087803474
78.10458016056468 41.04296781831377
87.83509711141525 68.41958666201326
90.04832244762126 67.99118010022079
62.332857493281146 11.117875671072541
35.92275840738066 63.204618190249604
85.86542516451934 82.25193149752376
24.903362349059687 10.382552181472061
30.512760594353296 35.38795683666307
32.00460777248675 31.14782800657192
76.23489566512002 88.77520951273937
54.269697534791796 8.581025583984292
98.18207540428138 41.46878817181978
54.34556359049682 86.7877947707887
53.71649398018049 37.11242688371019
62.082819858120764 93.48296132060565
7.621173087945799 55.55556229687176
40.14791237873637 1.2206568452691857
3.3633637304354425 49.11498448872085
78.49331712492034 70.09994794055284
51.058395939871474 18.886952066510766
33.93607816236012 35.01510757414007
29.638575697065505 57.14708634639008
1.273134763781436 19.254185002725187
58.61010786595945 70.9447752598353
97.73401589502943 52.94001705924749
11.843865792885833 13.425746828909645
81.81804927688509 18.547860802769435
2.909399041375782 1.3002507475537994
89.21186735836837 26.975522315308208
99.11440659730036 17.46220857943772
58.86176222800113 35.12605240958606
35.935704391367594 5.8503032262766315
44.77226713648622 32.61962423891633
15.217714148295657 69.86221619051949
77.39115804337105 94.1879567850161
40.77469159603184 34.36990545783573
50.8597239223144 10.577003756674175
50.373933141266704 17.53446836115964
47.50888865078791 40.932710826019694
1.5042298577803703 72.28011437610053
3.63112566058571 3.5625969913732902
81.96589534175881 99.12867867709852
13.561163175326119 66.7130373368382
75.41631206803723 0.9844899413539943
37.86325705350203 61.32389369009119
19.65429068969662 47.52001434052464
85.94214081582327 5.195999932666206
80.0620095573831 82.79122952393453
62.28880497751885 38.525714749456256
76.41172562750842 40.066235576165724
77.46075514987966 49.86721400597478
81.76998691619917 36.372529272828594
67.75631917064226 57.99833817650446
52.39764947504369 17.653698804213157
26.74622820344932 19.500649805811488
84.45566098963137 62.26905574629223
53.17349340869194 71.64993474638968
91.06667973708228 63.71669304359291
19.110469620069882 31.686267302567174
23.775852160410604 75.22892004221727
2.18546480621028 71.51704819587903
72.17157745489506 63.71047701467079
89.22153479982791 71.77809206147569
2.8311240263227955 60.84746291276226
75.75686481214304 93.10152293413023
41.18754161938906 80.70848734738505
38.40300518860666 34.100113384593534
58.27592188522328 88.53662662539946
88.45345527057921 3.701781072245447
65.64426241037911 30.355213739768406
6.947311047044968 37.152138245371404
66.13091659425189 80.89104268597926
15.731278473230692 95.79248217459383
30.66952460294605 5.791843637430583
16.78345488209806 86.14305263747632
21.538472197071602 16.223741982372854
75.45256086548429 18.8352458383076
97.46970479306184 76.1942433398189
40.751211476550786 8.229847829803594
94.82045413634881 44.79666614649512
49.58039268139424 93.01418317304343
40.36343832422343 22.444392084755304
9.929895618334228 38.22467474754736
12.203558736997966 38.797374839168285
22.159734005651778 68.97674165244288
50.28453507084604 9.820353890657396
82.09781216535164 67.73652692034324
20.895580618410982 89.33833314378722
61.68575079858035 73.86528583028284
84.8027250138527 18.604837655316885
65.2721869626537 58.97499658380694
15.245369697070643 39.14023046378975
83.94196913526883 90.42530684639871
37.54368486777756 50.35169508844318
88.43909348980551 89.14717946490313
42.330762402021584 24.332913612183937
15.137470967982258 86.37290399249173
72.87351075188349 83.70948559158478
80.45976075003334 40.68496909324939
34.90851605718226 40.585043544545364
5.914047285326318 81.88114293824584
15.447260383435147 93.14375365409995
45.91937592591041 86.15840921063536
58.92467060906702 76.704565870686
16.568397110293287 87.39448909146968
61.57054408289573 4.12326089349625
3.269730094391299 64.40023766876425
96.730320870418 98.4285880780057
94.49129707632191 86.26380316119996
70.06999859091371 95.60032439521382
95.03680692817588 45.49506602454968
61.16255907036182 20.855544030626916
47.34796494896081 14.18023832122578
56.95612057683835 50.96053749814667
9.776305998650514 27.796789466186077
84.85360996804474 76.4543479238744
5.436535384183216 65.96021007505013
50.022387737460384 71.50158006483547
10.900327003016297 6.790629294069417
55.675783079306186 74.28232736825436
1.1736402460856166 46.540126144236936
15.017473391274716 33.698155228885774
0.7883681555618693 4.565951264748036
7.9013172095157795 77.85713947314552
54.44357241156238 79.4593659099314
77.78699745114469 74.37997453171268
84.86133003241622 3.371734294177431
65.67238703236696 60.54189850697998
21.48977322644141 91.90880542525747
93.46030749323079 89.73818090181031
39.80174499376741 35.428611942475094
39.23432943853794 84.07627146819229
13.708058424711068 11.511183774353384
61.99774317316468 17.196784593597027
18.815498508111094 19.979503711268798
83.61882038331572 63.954816496959424
64.40241450874932 59.630449561449495
31.428241711763473 73.63730871868223
20.004702938319518 89.18365222012727
26.804734526040498 69.35750325107306
83.0922552378862 29.723891265645097
39.73420032494346 80.44552218618188
66.81473687431318 53.96199336348124
67.82505992297969 15.631293880649032
16.527390211610527 14.893094450307986
54.74633610969322 62.899399896313234
33.336663086925135 81.46121740273784
15.413532202387847 71.83185062707884
78.26373520102425 69.05324843169994
78.74443647271563 32.1868680142964
54.37865457363096 90.62372166986819
59.43418566404699 89.41947914699738
25.093866791995943 92.35808254366398
38.98809633162193 79.33885673347488
1.688809012888981 38.42076496616923
33.171958473331145 13.559216709502586
31.10002917490693 59.4868359035255
81.16535773369952 77.64472858502347
96.59120873876856 97.93462635564313
38.118855595424904 0.06831101458059097
48.65615365780138 12.204763171503386
78.30781276279214 60.20996402674993
13.672484722765132 26.767859636701797
83.67069080178314 23.625953320839553
74.14104013547762 70.29433096862616
85.21178033045945 97.32790684263249
3.378445223327753 38.85737383050171
17.216944735989347 14.862645995785206
94.90796594599827 4.876459174750769
50.831274284853464 32.37932684092052
24.23854824398206 47.86943391728361
50.318062161512756 2.5460163917479073
64.98677803172251 43.39916173927158
61.23647054610642 91.01022279491312
83.63761485771411 96.336392768625
31.727910112631886 72.42910840365681
56.842821720333724 93.12203430115758
84.83996459066572 22.489266779471283
65.42922336203044 95.7646535326895
60.06563855524002 22.21850346630537
49.27608910236167 91.27155274107646
99.90527441296959 17.18769467028909
97.63855734920566 83.20569823584407
42.64239368007971 79.17724527063797
33.722459200080024 47.4087345718894
45.04542262910722 73.25273375448971
72.98704155969854 4.81203702141797
32.62900987803107 59.924058868988425
82.12622737787538 28.77596471643551
38.528633448531615 45.58481868727237
80.01039304064605 24.770296688122706
77.27908255647743 49.34325058207306
33.483277560476886 7.328378256522738
13.510909067258591 5.878279071540926
58.99551977656294 37.607177779520725
80.0167569882768 67.44151865469365
15.54265377431674 14.809904968847453
59.542715702243385 15.86093303024242
80.92783697613145 41.29423988725208
34.18286157976544 25.452021148723915
94.07452275110971 10.564347642653205
88.04263773711904 73.37503403502356
61.44285738529106 94.90356303328197
51.216447410388376 57.902953886134156
94.45925684997685 72.79681228741897
89.3004419324574 60.69733727982525
97.93520715077226 74.4552318414151
65.20573526073979 39.383235080447776
82.01041216999184 81.50210955274511
3.24201226909524 2.1166266018700086
64.0893682156566 82.0694229769701
70.71201427778678 86.7230264781927
8.777252635061473 91.8123795342042
50.19168933645778 2.459967744000846
24.277204671087162 10.99736603306094
83.66028974699765 1.1037227866282695
21.056210419016175 33.34008101704779
78.59786058909216 40.56707432085616
97.32685774295068 12.401511713826885
39.3823067439367 50.492307750943596
15.36106536548072 54.40528878645381
8.87692661503272 47.845166818341234
7.889348344805203 1.3604221643508607
35.331291701985315 8.505257534515753
67.71550579111614 37.316876722534175
93.57147291633432 62.89390672380922
89.9944654120929 97.45130383085029
6.77203563021177 80.08549426733332
83.31052200841262 36.74515689732696
83.37618017243643 50.06051469709591
21.919338480321294 31.73485915003186
73.68917238518418 86.12040194503913
69.84263418973518 17.86356753736379
45.67178024841591 72.30965731103855
33.90994187789761 68.94756559750394
61.05766494430075 36.145971499264185
26.621194882053 69.6280818200105
38.03260150093599 27.116101118972836
37.030334684853585 29.490136418318713
41.39816534178817 66.3745973349312
2.8150711433996944 9.697695912620697
58.514495065974245 66.92199626011708
90.57250942881858 2.2152030761201646
81.17151807725998 78.02672593607791
48.8180304858531 59.7195218394307
71.0187467114678 97.93542094995831
4.917304281080348 4.704841412701954
59.19495162704405 28.805011400485725
79.52495012873467 97.0878541216333
71.35528230801697 74.42736398796063
52.5501753440662 35.45790564622187
94.06602912407202 15.003824683224687
90.62253245656863 22.8505148017785
4.539320857556961 79.61651716462708
74.4257857501492 36.667152915315526
52.44889210395972 23.691028391571255
59.858211392669126 4.681988892242861
15.650965720366871 79.76884350247427
51.90696520563661 38.46017903110346
29.648689358032986 3.580445796232512
74.02491450173501 28.20965568158278
24.41508087554035 28.351770835083723
54.13734240705037 41.7328652931136
49.95997971627914 62.40500433814907
42.32838485017436 84.21699579024884
0.6884326522016426 51.16830369319386
59.51948589266506 40.059670582441555
66.42137702143756 3.2074962443978006
83.46892862305599 63.55742014636397
84.54309764495996 81.84812620230034
38.96776768024508 1.3371774622318977
81.23109634705206 29.768121713154706
31.502068696652596 28.670031904381275
74.65165255811331 61.74561449178524
76.13103907662091 1.1986834767692578
87.07566939125414 36.71849914149754
20.466902538078823 43.689839152816255
69.2917144482461 22.750369981613506
44.564622997055494 7.4218943086354905
86.1338824643992 12.065555982748998
56.246927940916926 59.62459615706837
80.66467868427073 66.19702716346256
18.178562303313793 28.215708406510753
95.08561876586343 97.61792067138497
91.45043440056003 20.059599363305203
72.84642519496714 6.040427040373286
53.67295874228003 99.6621869311307
2.2121098225650337 41.238688996431726
96.6081356352149 18.107051052465206
19.99444930267972 0.004456616816750358
65.01109292521501 6.411063406764472
83.66361382808773 81.3853551491435
99.35847906487363 78.75920503360535
17.888289623334906 36.08627817732221
72.64111662950143 71.53793035971881
30.261932801435808 65.17824297317459
21.937353769357195 68.83533000750816
22.977753528574198 92.14544086859343
10.607362879292271 10.622579310553181
42.459152014641866 95.8850165812848
55.85911822975104 78.05203724013805
52.638260559056185 28.63567109583205
13.660347426708785 39.203054760400214
25.29499561137525 23.929608578178506
14.066686169860398 10.235108586990583
94.52063737604061 97.48056394787162
72.52522831020026 79.0480474936155
33.44503784772412 61.83906481888729
88.11991912064245 20.297477177889313
37.39568192754553 20.85071873103065
55.24540539547489 48.298109894066734
4.851982590919713 96.75892384119626
5.883400033033759 72.22674914956838
54.49921809288411 36.5032953959465
5.259001599027813 91.35028260338551
99.01355143072398 67.06348175538237
15.141588511235105 20.798363758151183
29.607530042672494 10.971211005184466
96.15712089092726 60.80829104697344
72.67630014541872 25.979761663725142
9.994269569028969 43.25155854450632
75.51060274323194 61.683349980904175
48.23031465460017 90.95839501981679
77.52750674601697 18.83857906188444
50.48572800334827 8.896787306928488
94.51410397743575 90.93633357870564
17.57353505269349 35.76378066732787
98.67579294400927 50.49628781130242
26.052162156747404 57.8343531890406
74.58778151453316 30.321783226222408
80.40130775917082 17.671496370140883
90.29588568167046 27.58756612576436
21.53634203223751 33.71873398215898
31.146192474339195 18.873993148265058
95.70560001747921 23.063619197478168
31.73041926458504 77.94430448683069
57.025926119095416 21.253689376922324
98.59405826971329 23.42668471045365
24.842865867410257 9.16064473745799
38.041375492310145 80.82983301388444
29.44280824316038 90.29977674235656
62.90215025878367 76.96359589522929
42.330992973046236 96.81398879544591
37.86021347513731 33.81876566392783
85.42264850138874 24.849755214269507
99.67535308038265 77.02296013490067
23.293323306369494 59.86710179498467
68.06517054831548 39.8002465645759
89.809051108281 75.09580157869723
49.00933065220789 52.17667503176367
83.56148292036542 50.75695555097263
98.94199726527145 75.86052669809108
44.55376132237833 28.320233297973772
27.649798635551203 16.306582835562956
48.845275555988145 8.32421082860888
67.37287076201315 27.497774176480128
32.151070727708664 59.896748407099786
7.716815067137328 55.153299634786414
76.48977496959492 82.18691869728725
78.51098935849102 49.10914727581388
17.520947643270514 13.353169071708827
9.524219118639287 26.716856733160487
89.5066100262467 71.39099494853211
27.668487876401947 34.773707217573225
83.09051382427182 0.3150893974097957
35.56454472657936 55.00091655337963
62.42311021793711 65.3464505813339
68.94533907725572 15.69709021596568
83.2796339159396 14.68944519588674
91.62688025136515 77.00151396688538
18.159497915102428 27.617864807931646
31.90905655421178 61.561806125792685
42.268818796363426 28.301332347482056
67.07241207275825 49.34970354445063
59.73053592094727 40.56459433634269
57.877401404019814 21.198823228174312
26.89442590163328 4.782307914866646
90.69808467881705 67.97488731928706
26.659303370617092 93.48675590693848
34.187744771480844 13.377617644177619
13.91976278159579 71.1488241229562
79.32594278228929 80.46728466428614
7.957470439253611 51.1720175675773
25.21245906740259 74.0805983732197
97.96301888901809 22.77996911210546
27.89110541866221 21.22369798842565
81.27476350450793 83.04846392155099
25.076622573008688 46.70025278179756
24.834439845639032 53.31018881782139
15.195812702325995 78.1092692587443
34.81428788519321 24.09114197081751
10.751149974003372 93.58088774373564
48.94934022990469 33.74773191880324
22.980552083058758 95.8603947197006
29.480745530475772 21.53157877365607
11.200387171099823 63.67585702624665
96.03485699938626 94.04795138614848
59.37392716772839 21.306855595681206
64.46383701302112 23.30821544980107
58.47952489818552 35.27635914224623
18.896861719449433 94.10074200361144
47.219154144969345 92.90869572067862
6.248861284629282 66.60346510218476
41.65164184326636 76.42238071998189
42.09149485204553 66.37326728288163
14.40357052284319 50.322408151451285
4.057836685160499 67.41563968890249
88.78135898713832 6.173586315117485
87.60620768224786 26.656211553118535
34.93179207198155 40.470251971171564
0.442911609041452 85.97175679251826
22.24639486313118 45.44460120108062
57.03824663931536 38.70117313946596
89.7675557864045 5.686376304203177
97.11962285718279 47.98554031543928
41.40995994522877 81.6434703272113
71.66765972589913 87.93947300434122
61.530929824049075 1.9574821111572271
95.63031934915483 44.63993913281911
27.463489855658587 75.99536178466253
54.588359750749724 21.751129258905834
88.73394011781434 40.47876889366292
29.125997536467462 28.790654079770917
71.7566469326625 1.9561341093513707
10.391177453187183 6.5787170556836365
49.6659044462284 62.57501307797351
20.98671477659839 62.92822126852528
63.44052727163798 50.852252508017806
64.6304666704638 28.39970676727762
80.26301983312275 41.69596514190219
41.86627367739997 41.51183283179256
7.3153429757017445 62.9510328001212
62.23171763126706 41.00285385082007
99.0024403436336 11.815243252107766
16.548221263296227 36.01154165790912
85.54810351155876 37.282550153192076
56.416939427603495 61.49657048319577
94.73919576457433 92.4402740024824
74.50987829062512 26.42771791852143
28.12468157209477 83.08978168260491
30.021867200964046 69.5292634189328
54.00776840527101 10.865571654287686
68.8607791003531 71.80355992084753
62.75765868905495 42.53634058631784
60.434665769262494 31.787591044509
99.2957032088001 22.182059105518213
98.57938820939653 25.456198663042006
99.83746942119576 60.129843908399785
72.24012127442768 64.9724123150842
72.03581401789224 53.30774716545397
56.72704055140906 98.11887475845646
75.85686718011839 9.711576208125482
44.86226984736392 84.02971367235635
82.44872675777395 30.58707643255768
23.921976817805145 84.26731154080228
28.665057969469252 10.180360050204772
58.410679582868006 82.44294379639715
69.15966307036977 90.21522649503521
13.095600378877103 98.72892112495096
91.71942886757897 6.3468043518799195
53.98248594406173 48.21809767214511
24.497026840799798 88.68671205661379
22.50937821379806 7.181898909348772
16.932004839017956 21.10331402150657
23.951436864407917 88.1556438677174
0.17737118832340526 21.549115519937246
13.025486684909593 60.76662862770596
8.244543714640296 76.98627367800701
78.46026497321212 0.591552656843064
54.2428702435235 36.295730714047714
64.25160822832336 99.86552362818809
16.589800959070732 23.219224647734084
6.320965630624665 53.26209307324422
18.06368899649562 80.28092302751143
12.503944355357898 36.981337137006086
68.5287241579903 40.17088351580814
95.88933343760402 28.022454353908444
11.472585803277259 59.17649258895498
78.24589674205632 76.1869528850882
52.7579490500981 89.62357776054058
83.07813533295322 27.065665868916998
46.07530545376769 16.495366961653524
17.222797459474748 30.4144391341028
56.481557098591125 87.16324782016977
55.3707212004382 52.70760719079174
75.67629932020917 13.435323404431044
83.63097514516386 48.756293560060215
10.645854960275935 80.54190661318269
64.65997757327175 80.59911792795724
70.20088163602615 70.81571258419366
71.43020767799575 37.314203009184666
75.88853127520994 7.862146677250315
46.70973185018441 35.27511214687653
55.690868933998225 97.76467288452284
24.697177531274363 26.64746253872424
14.424516411746158 31.52360755085828
74.95797804104613 29.755121605793967
31.849958416492854 81.74694836399055
41.88065117584121 19.1975411518597
0.5138582663947289 59.983803237213706
87.77126881725053 48.38162489913851
86.58185232361524 91.0037388223626
41.12772418504213 24.392469000576877
77.36522386642677 38.88251062813144
75.2777928260438 84.94423476919081
55.02802389147766 98.45897069721333
21.239808298801467 4.827053100809852
30.83412503454992 18.92669041721019
39.66461744535835 71.89601847324059
61.04541582327779 43.13923651748429
70.97688964587806 63.71971801356109
31.273930582930397 20.686791609383814
60.263056142026905 28.608297870203746
10.29390293552115 22.437171551956926
95.14837012198144 7.744354915121187
51.33650736333912 88.11660943041815
98.90542857704958 74.44000735811191
73.13093578319462 6.894665772813324
42.816003651195466 47.21616872738159
82.5429213140337 97.23318422005576
87.65914281899518 55.350027415578616
13.561493410489744 8.672008724844282
12.026885323551284 1.763629170554215
30.34207454014326 23.226175028794117
64.49150635249632 74.06951555571474
73.25843722474204 66.72037618125731
40.88172753208013 2.2071839864038267
51.60666536800937 63.15401026505704
4.133862464477767 72.129023264749
95.0967008630454 13.305156748899593
53.759048515155484 42.577951335379396
36.81485334384663 62.751442013894774
48.471330826759186 57.62975357615152
21.930785197466353 20.07050691598442
67.3199727944251 9.047897946849792
14.797904179521982 71.37292864084259
15.907726078518047 60.9354307975805
39.09016393866774 12.625990645087114
46.24383897746887 75.32371382376976
71.27389020613865 90.03214833585157
41.07149379356966 6.092521488946301
12.444009999660476 25.59586091601994
91.29831461845214 6.729726203788832
42.02521430167738 46.05927230464074
66.00194764226825 46.31265482568775
3.4787853455350293 43.24776232980469
78.95589586887223 20.09189723094087
49.69870493155661 63.14619261341478
84.77058114924722 16.64258107932548
66.83114280813773 92.72101514935561
62.456155802870775 14.54519415254316
11.470184276506302 27.64641447453222
20.32088420943081 52.27302778337503
81.50947854276663 97.91449884682298
79.60331220490075 86.83613131848979
95.67420970123591 89.78354496708386
57.71184452527072 97.33649466057173
28.651415638144307 98.71654396948351
83.85428391077426 74.44255456060064
75.67474487278457 90.23628134457489
28.018056205203067 74.08747568753624
78.6580418813164 81.42863914435222
60.16576017715553 17.174718242033972
26.60224178561791 4.234003497816463
84.18800372138347 57.414067193506924
92.21746159154955 34.32628921437193
74.23321650114406 93.08952749763112
8.008275332387903 73.53415974834438
28.490473320692956 49.24463385190455
54.611488849444555 83.50515598335454
2.420638786042739 55.94570765650452
69.09022683310141 34.48020201217812
22.987006218673535 16.684588657028986
85.08106683290964 85.72266731882554
62.539782360400466 84.17744444682434
68.90532155537241 16.797488669379955
88.48572525113507 29.132887409151763
0.9481853079648328 92.56684360584619
20.58866449514496 68.40169552978185
60.54459387250628 95.8828752837103
10.743359433112666 32.01941445991018
90.46415466809633 39.005619420332174
16.53479376432059 95.62474107202482
17.77825458745006 1.9375782811085096
70.63388524809784 89.98492682920791
88.339536052482 23.815978806185655
31.35776154777634 0.8527029301539035
47.24104343542954 79.59893479597623
12.615422421362288 59.50306360748616
37.75653356732589 35.085481185138825
47.963751481651215 97.48836848628213
56.42383773521168 6.579024774669473
31.23013105811768 33.69464153498656
21.021150405567123 57.99166823307582
29.633081330021184 30.737953797279182
29.737144934741245 85.3603108753605
40.61113579810854 67.62074650820908
68.8280699298557 38.533299477837325
45.82920781212355 6.582847694488314
57.168589262621126 47.94360108117491
89.34971333572437 57.38377243392978
88.96424102375164 73.46028727116484
95.72150022444382 73.2599719237541
20.086010835878888 65.54058936674848
95.20828559862727 17.39881335424096
59.986897078993486 80.40354554651651
25.654950559015923 64.27586167092791
35.98019351448861 41.722084392220005
88.54059652405634 23.602540488339653
26.284825619479456 38.11976841587652
25.568340237681863 46.04018775688967
90.78969679212693 83.61008717634189
6.611389347305085 46.191045402335774
82.79510134142569 26.524655810063223
8.930489984392253 54.30221839732122
81.39085735121368 26.732358754666784
15.20488851329922 78.96122980629346
29.062935371286958 37.44418040577025
26.969316590540828 68.95726202846159
5.778235218836347 71.45163639147609
54.023167187720624 23.997592343551453
4.38101899189941 99.02049806009326
20.76242260789921 5.826836307467209
18.589895992624484 30.184869735289965
59.60157830790526 15.295455019469916
99.48234842888228 28.41934848138391
91.02640254547526 0.09427101701366958
32.85044257884998 45.37934047079193
80.15972573723333 1.6664927269210539
30.27566035639111 68.06720660048022
1.6772472275232042 26.695164503703552
16.842485500120674 46.74621714196231
15.35953345578509 45.18013574466854
5.734205807703175 88.37561471522518
32.65153955885323 33.47722774719089
82.57059547915672 60.612645296067804
48.38101685369347 45.47937844105371
95.24147370471613 69.93532728194938
97.97395214819883 81.19733379367099
78.8628408357715 4.40637864561727
43.30684715941817 4.763345526089124
55.59876526867312 19.985593648220046
56.4525403091798 30.704842689727208
54.57646347726779 69.03424409134209
7.133257307632523 44.44925855180213
67.15585255758651 93.99372761258526
41.80365989929955 82.79231777699462
48.13581576874327 19.256307787228664
41.560794329778616 58.73060682414651
41.971939665590995 9.624506006832078
65.80821139540495 59.69764083552819
24.471188715046853 94.0086678923681
24.212081671562224 41.20944888990644
22.826578368758057 67.61766846153682
32.90907198187022 97.61042733325235
4.083749262560598 83.91098814442525
33.031926199389396 34.82233747168173
89.42107319299237 87.98060327179103
76.87599065814032 18.201986709125595
91.96455351056565 37.56400934307528
22.556790214271505 72.66247288090008
72.29311689468678 29.592845591201
55.604990385452844 56.223372269839466
52.786722735581215 96.3996148946561
62.584042839969726 35.139772829015094
2.371950466221018 93.41698241115675
3.921554894039747 24.861092865213998
0.8243246128670556 40.37149089593074
95.70236601225211 96.59471632399855
6.764868820435643 15.415870161507739
73.01213403087444 68.7552050506889
60.95739584165104 42.58751249705113
87.67531754044319 4.801012721187514
61.564209709058815 12.441926163713834
41.890274469035546 4.8276448638704945
63.16003187322403 48.26178178726086
97.2034158748256 6.869804587257001
3.8934367519620094 24.257147444492734
87.99436225230278 80.48733178532672
5.785933945171395 72.36847430702129
67.56706952500345 40.119879196687826
3.9838229325287244 31.3562130106391
51.130596835707124 30.928616164845323
64.7181941427302 49.98885064818388
99.73329715045239 60.71865266036281
1.761386231769313 79.38519361058432
92.443645618673 58.34441676075429
70.06697928763232 82.36375043634061
1.4471056880284494 76.45627698115968
0.11581495402606112 7.096360204597863
16.461306106597984 47.50195121769201
21.43515877810781 91.1026905190088
72.61920403369163 70.56623662153875
7.7952649496 75.23758198414147
39.49660491916672 19.48201869812809
46.30799140272532 66.71275359871481
45.77830859711122 29.788362478603503
27.983180249341512 67.98722408493799
87.37737665952412 14.179674297932932
92.93937377912262 21.129308385819236
3.249377300593026 39.210189713795195
26.694008301017547 48.025296845068496
38.12419744399692 94.78734188473864
5.525603899866304 92.024504512718
44.00748987951412 91.73015604393507
25.162488614162136 41.58376077139872
49.86821199225755 14.8737211994733
87.60149284760091 70.2117027316656
67.8880556146413 82.98528068688891
85.63200860490264 91.67571236071461
50.91541622292136 20.153095411484966
5.370128468920765 99.3959029816291
96.83826525635418 16.876774071616218
34.209661268387606 16.130602128144155
18.928833463635275 7.778557187201174
42.1956834430096 56.38827575551382
46.441749660051855 87.58754576329184
80.25350188331348 41.86753383556399
2.298771332453875 6.214604170027005
97.10830812311254 42.844010037039425
26.12824762399988 32.04959266998251
70.3699745787149 61.45357702680373
42.33921850148534 58.57658276624018
0.06068366289935234 12.072393625837641
58.602271709832756 6.6494128309819605
79.68254668232004 58.685623648848065
53.640168956724 0.698337843816188
79.81437339238505 42.897638403055005
48.9057973861845 67.49180489421842
54.147112525258976 97.81956937018282
72.40001941934929 35.56734317762461
18.80516502527858 21.637516766496333
9.570426939956366 34.39974748628132
26.158484845935693 37.57923321162841
77.380253619977 68.70662678095448
18.59869065330181 15.25140039291999
65.68150386809359 41.2774831145184
95.11772491176916 35.08141997196924
75.51782705124828 33.60577260292577
20.994620488655947 95.03827715518688
72.91896672748072 52.58022305670293
74.34045600705453 69.2247883665539
97.52863183998855 23.247116882040686
75.7353144223455 34.19600321647332
22.878721852377147 14.789106754746339
2.6433208298567212 61.12174801064827
47.04920559921224 47.96957799896323
49.681775854065776 76.29465178134282
4.505012907956763 83.23576932938965
79.68351875177603 89.09287913468948
27.83227557673641 1.3537371740553916
20.952708463823488 60.88620123065216
10.469253850528492 38.71621477812495
41.42451136464993 97.085322392893
97.28486643753132 89.202159393196
19.57163537033948 16.33966115467642
37.39657058356769 72.04464714429277
25.493135728463436 81.11323938630211
35.87261070354614 64.86555254719255
65.51218792406117 82.23654823896346
31.850252640328613 13.950740599574218
79.22516782664792 59.38613961448299
11.715779473431986 38.09103961224314
31.531782493970827 96.0341796674105
67.12893933540633 9.594462055240694
77.30809796659697 57.06861152621634
72.74968736529576 60.0787444089116
27.22086084022115 32.06990815351312
36.05221450019431 51.317974562694566
# Candidate locations coordinates
47.33585784797619 11.153083308805911
16.834313207205586 63.41242702513482
80.03381911024016 0.9367222382871576
15.870080581877644 50.351147313144985
66.804402406419 47.85458877165356
13.367112011160188 5.719176623234235
17.666114372067444 6.524362899540703
75.19715649225196 19.156531586732374
86.97430713107846 74.16042919940483
17.474726081899995 27.587058478322845
9.026399482060043 46.36251243223645
89.39078934466933 39.38003242680603
13.960164471904235 84.6037646548716
63.31320834302549 68.45416769093775
91.8319495766779 6.276683587325738
46.20692651268949 70.13933282153421
28.526815138851834 37.60625172198526
50.14429267217135 42.83851862889959
59.933173189976294 86.77840489509188
62.1864980836099 50.5706239224491
49.38842588208724 58.95001358643304
97.72367957678487 1.6754968630517508
85.47121827226549 30.94568807237875
59.54376723116761 95.61328350201866
17.91420454036603 71.18494287534367
89.08962086232005 89.2708598892361
87.89289557539317 11.162007630933356
37.11120225150432 85.98006925987089
69.94856694669889 86.80175830333226
53.235472674835336 32.28290581686532
46.24625576186395 54.586244647998896
16.471740160893066 55.26725280820439
60.14037060194808 84.88906733224833
47.621571012534226 48.72055039724723
76.19002528540047 37.048273821688106
34.64714787633998 14.3043615870861
17.64792512160994 31.889158099170533
90.23653394236177 96.59402440949926
62.2607334373779 33.99924264006909
48.546093125136835 55.110210745588475
88.9418127157755 50.06807666976692
80.05471698440006 4.909793658772498
46.61953520574967 80.79613923637596
17.110974995672933 89.15629226330691
54.23565065425403 56.815633659068766
21.9412942107006 35.86071594789051
8.829911661685108 99.21947386327548
83.99091003362255 13.667018694429078
37.57975966143034 19.676361505884422
61.17292505908195 93.09094216523049
38.11300109804979 37.91012983045654
97.55083656366692 1.9753046906919702
60.28842081424977 73.76559816017196
85.7672137768962 96.60252775465894
93.17173597490257 10.16030522100435
95.59253238416177 90.89989924346695
3.580727518691418 96.81084588350835
30.11446407491183 56.63215783391687
98.12353248453961 49.20771507579542
62.82531741164278 47.53692241021393
53.181117109276954 5.871830481250651
11.516576869625805 35.15517481623789
80.30871792407466 57.74865699146016
7.4132419244697045 8.59205010163102
68.22545069275644 73.77687646339335
76.72288873437505 36.46468263293335
27.628600418100348 65.19740767564518
43.58869571882183 47.16862027478806
45.18382387607585 74.53081373064845
60.67251454035265 81.80075510673642
46.605125717909814 38.004634662321266
36.77849932447942 5.82375027072387
29.65670325066784 49.64577422986181
89.16947412115368 26.519845172320665
74.49298866367272 53.433727010374085
64.93465613870191 73.00222569717367
62.12338684584828 17.459842481663944
50.21812368329574 3.1669809926530568
44.63847607868423 52.852577369475526
74.19125749544685 31.778360054908728
96.85887890884194 17.812293012390292
27.670389198842848 99.38243590678186
20.654917162779974 35.78073580353086
13.187046876738407 28.915507772114157
96.01192613323394 86.22307163400068
46.5264000169514 72.0996419608216
26.03625888802593 1.1794933902103177
45.94824993592421 49.886163230426405
64.20274757013314 14.082312939104257
49.997207564687244 65.4121821437614
81.73505297733472 3.594796163328151
75.97886510857387 32.92041246480603
36.85716440618096 96.22581978555165
52.60452530407608 6.003675777700401
59.63401124347981 80.43303503860955
91.71467837838829 64.66161325838245
54.546224764802965 17.160582451545803
47.96663706344594 34.34060639962559
81.46361748254492 43.18605200911353
88.48083258380275 88.98984765366347
