# User's coordinates
54.57770918368543 173.35131719772218
79.20661076480533 119.99693305449209
164.87761399221804 163.57833170089035
24.92466960703361 33.65361759172152
47.904168735194965 145.96548239279306
4.7424921823556065 67.34582292933065
131.06197744014895 155.49515883439753
130.0284292554661 71.47359354209487
78.4185614828058 80.80212452416214
104.35597699049917 28.47487922345202
83.73693998984699 85.22838819354878
92.04832156569496 48.4763635033326
19.234727746281386 81.6784963950169
72.5340991977361 30.180556988662044
137.45354248247145 168.09015623114468
38.2314069196839 143.48807726533542
102.22930975846012 197.85011812219457
151.28035266438192 118.12520231277206
113.55936987316635 16.657064222179518
101.04974461832164 162.50123255220666
142.26472795539848 52.06901444140512
198.1443723455552 15.261869430809005
83.96578595491779 14.885680078611463
28.162285462320202 123.68962180250405
114.51628685412946 85.78123763130408
36.096163719453166 16.640071223914067
182.69326175327828 51.99034347096121
103.03470040629392 172.7332097377422
43.54580439626299 3.263586564991283
191.56006494053622 48.751282900347626
104.7150793925447 86.33737567922711
117.40578548048416 142.7295166670946
164.57267409265853 50.14370606221264
148.48760858756074 72.27700289115187
195.67504859467954 42.04089929258337
186.07247250113483 64.68749550677752
175.94342243894826 185.54892265339888
117.06484458205098 155.70275531720222
112.62563547408469 132.53538547937598
105.53428061964023 160.01854583053012
114.3830989349749 64.50841458312968
38.917176550726396 112.16524657797792
142.44115108215726 13.531629319599215
174.9108545739174 82.76804333615655
143.41136466836832 145.07646245316525
36.415658332021565 2.181380456054516
69.12959760632826 63.44176411080511
161.33725068004753 147.09169405434858
112.75191774743693 35.58211496217925
29.269313707020327 46.431360433437696
190.23175971928657 127.2487096847566
62.899150689065195 159.25086031653984
111.93657189086849 7.170505739002109
70.08186838646286 3.2881778700008857
95.93268125167201 117.60239618384891
149.63604649074398 134.93189844111478
196.5836518319934 3.904528133912022
71.12596198335841 47.0673268871632
127.1868560876833 177.51247079862537
174.19749680012214 53.5640240684764
126.16509824965058 44.34776362693964
110.3908992155592 41.56559881160658
24.997706210860926 136.64567876535673
134.0522000961795 143.26691312109608
0.1636069211009561 131.3214684750947
136.74447783710505 188.11982103190374
71.18365346179152 194.57754829847036
9.644923932411341 142.59235204316275
152.34365480774932 98.70853641950437
67.7383169736614 64.32740269527774
43.26597093253169 143.82686929951254
140.53492912355483 22.775432368075155
62.86884301712594 140.5608832117799
89.69111572223176 102.62176587803917
0.24908981125681962 137.24947690157018
132.66655232950748 153.30320239760854
25.561342824861953 63.99804513084844
95.35088796740013 96.58306422473612
181.7485037086718 177.05287616871746
188.43378841574258 68.77767232370327
2.1526921119233045 88.80130498227862
37.43138228400609 43.1619639224627
171.21926817767698 180.46387148046088
178.99776189651303 31.31952129441209
172.30124734649633 70.33337513638918
146.54536935511064 187.6292854472127
87.78202604472864 109.83105296962476
172.11438737159835 70.51783534538352
176.9710409520679 9.592145359654713
195.49950713918912 24.290569267265315
135.1827399334106 158.28984589514573
25.384054518225806 69.52270746685178
61.77192503704716 13.373145300798605
118.2251359751581 129.91700492061702
198.31865428184483 178.7114482155805
20.956961075257464 63.83127732081455
97.92719482737502 188.83616929970123
166.67367936599845 78.03237770139988
176.8369635891774 140.16114404804782
174.7075921284286 155.4594067583503
24.491633778203358 101.56463983765957
73.22315473596692 80.1809651788648
67.01821473410841 119.82060228163634
10.020244559837256 85.30132588351702
75.88833689636839 182.05625564366852
157.1049734617685 22.58105789326632
96.90217199419627 15.594720939650774
84.23905409425988 183.96210925454943
146.1131069258145 32.582247994351164
70.16940027513098 142.54313086657854
128.54142467858486 114.72477023412846
92.05419408179185 171.33598752944695
131.32120142466326 168.84663925377507
112.71765867796468 31.50888165648389
141.9507584097774 177.029888352901
171.3095970413271 129.9762643308305
28.637676739686047 167.8646007788483
96.68885991448349 122.77571862864534
81.69641582728798 126.91359561776372
198.88179225049157 181.2226660651744
89.62550471074292 192.29763990458184
87.38100105761222 67.8764847451838
53.466515594190824 114.48187802581289
52.76799040975997 9.337470069217924
126.48235745077656 9.399317749450997
177.34039008006198 160.7897340437249
185.96187538722717 60.1943967128685
63.09627114436416 186.11833070337298
138.8786969912664 100.49255748676902
7.666747955588016 42.97786396491199
189.93128224818864 60.86285912244635
28.153731382206605 125.98380509404717
78.9365900656903 152.32548904678947
50.137233459256606 190.92413239116263
129.29057221790538 116.7891041933046
87.9409464967803 180.65207149932985
75.22701144861159 37.63034654398605
5.931516542393522 9.99360009184378
149.68185685786537 122.21274150247253
95.35538315092296 51.104724562780255
185.07226871250512 106.18498079207379
102.71077743656815 86.8807678561301
148.4639270671806 55.554973249433836
77.86745420352065 4.855638838772625
27.562328986356555 21.382579396546486
99.50933469278036 135.06202365882575
122.56504261753915 122.96556422083107
108.37470986017554 174.63689466727755
181.09315517019888 160.8851864878379
146.90192766089672 94.17036363227567
138.40885641542118 108.15061498721444
129.48516996373283 11.666003865285202
96.54880111370782 24.93177861264495
31.744395988855345 76.33359339625414
148.06854909769515 60.50683286841378
72.12094887085556 80.7691820030256
6.329375545746108 89.41751190538545
93.60853322266294 143.64380571013146
142.58450218638671 171.04308572128417
96.91087293660767 115.62756484653592
147.87109665515604 141.4492606578776
59.308491187452404 32.20504270944269
162.6854014913264 199.32218143797132
36.950998600780615 80.52271069208501
189.10217049092023 189.98881830734175
43.370034522555144 119.18294190238043
73.19114477869341 40.57156459961906
28.261348682958687 82.5030113134218
31.57063510124476 139.23525557483168
14.405915392608115 118.83095642282268
173.2422911708355 152.73964677370293
131.46123803552982 21.565766003818986
33.89256909617837 170.68347710980086
21.0187796442608 175.05088091269022
117.72383842119763 188.39589951484257
21.465727388148757 110.69202982854436
98.02122342545074 14.05520233379609
112.20409771374955 140.015224930882
124.57063996113315 56.70412026004268
152.10531804075544 76.05480466162679
174.91023850086594 158.89015818839704
77.02580644724577 80.00369918372347
78.10302146776027 95.71766270841478
138.26458896323467 75.0795299784781
149.45449533925114 111.51351305014552
190.5915175711592 182.37530816992785
99.62016908914315 101.8548610965453
51.826275673248375 177.92326614160442
49.739248101581765 106.33910713772971
193.0919191887937 184.4736867014147
102.77641573046795 185.92560749105814
121.03419397753936 16.57372235406289
147.21646717777477 138.7878994105691
147.84810167848494 190.51559520206447
17.141841082175468 184.27573844361106
2.4431061496835937 39.60736503909252
28.35797408661469 154.76365404370412
130.80976272699536 139.722072641941
157.7755732962377 165.23283479930484
147.70883673516525 132.6648221438963
9.582406104711216 100.48507873081402
32.95624456448976 56.737439376868906
173.4055029804868 130.8706438940461
199.5188352282836 166.32956427918825
133.37883555894356 49.516864398193604
35.715286370861236 91.38928153396897
127.40464900988269 133.6274879855407
96.6464630511016 158.26059564398153
152.56508515439896 112.21800017401023
149.1288454460028 77.61807036801281
117.21692017823418 40.093748706694285
37.725898718039886 108.38886305101319
30.4981921167657 198.71704544372483
109.44933595078759 143.6305991482615
104.60258511703198 141.30183112762288
125.22403144685235 124.75853914898882
55.949144044047294 45.27280232523279
135.73914756866867 129.29279530702266
164.31502050662192 8.948157867060559
94.43211595318921 117.9176358327404
62.90518011397652 196.8238443819642
128.5335528045354 58.49020880017881
104.6841627765811 116.47979346969517
71.88468904724186 8.832623936369233
155.0910553249365 90.61156498482464
179.22235839158344 156.7922157256518
154.2917136629523 135.8228730567764
105.17634241062011 59.50920565450426
11.925210376822593 69.90294004512995
84.6808050853177 4.193046198037487
31.861752735818417 137.7723615577178
60.67479745850417 192.38817312525015
197.52690196464118 157.43368443745712
148.22384073712868 115.37990149800315
32.27005208345746 199.65569374735426
32.38027142254203 29.907649398077396
146.062748318178 70.34719868505958
101.96233760028306 113.99980031069697
94.53294576962918 146.14584820184774
129.16392985529887 6.6360004350569435
25.384629789916403 150.12564173932344
2.773531604833801 141.56198316391246
125.48043083299139 33.772432944545706
198.7990284549937 73.55295178960017
11.786594538861106 148.1549927693006
152.15288373109192 100.7370640322826
46.871221279038664 36.77187643304733
93.4006043483597 137.09376645964667
136.26249286478094 101.99562353204814
19.068303244016207 73.98153503186546
7.684544939881666 4.70824243785033
78.46867261507411 149.83358778659593
38.68873543132138 3.6001928584142417
19.293243792668036 69.60561542022872
110.34169672882639 7.539523065929732
95.03556709859424 156.97169696685637
23.004065764900016 117.74672014955712
59.350882373011935 125.31872416860881
15.40278429597004 132.36691145143982
124.29706897882173 190.1404930201206
143.0594930313579 107.18537798638208
147.53192086963375 127.96334217904337
89.86033505351931 148.6858181655708
43.95314952554224 148.34873957578506
130.50316468529942 135.56698517663045
43.29994809992201 54.72301074573458
161.14514055534366 9.15870541779591
167.78311128502153 48.60304724804179
191.6637699127296 144.2897208559291
101.47022084365962 82.80987514420022
5.739171424059708 17.28123097660983
65.19581883582251 2.346720196692309
117.63535202208494 111.6736834554934
193.4091920426307 197.873686944715
166.55214387988312 20.251723477206916
60.84617262512333 97.33044091536394
134.62895830763406 97.5347131660268
4.600134349827734 125.10371116396313
191.24888144622417 67.2482677266808
174.77094667460042 68.52426858823839
32.86827286111749 130.2947713363294
91.69199777640549 172.448424142749
41.576904964093565 25.041583561599335
128.53699934450538 69.87783268993036
154.75246864092617 175.4598841736435
119.84177187127582 45.6202541976251
29.615106894205212 198.89146428214588
146.52064913461012 155.8198374799069
108.1039467798718 92.15753968371044
6.63364766949428 168.80414026332315
68.8377794728602 35.93819008448982
33.21687501237223 23.45628595364515
94.71155102900161 135.33791337156836
80.3654941175833 128.26210779346013
154.5316000723476 179.18698189121065
1.1197749530192702 101.02173697176254
198.89906847663582 62.9107017500472
115.35906244103633 21.089500845957264
138.62565889513567 158.5279832041335
37.61263183679717 30.663800860544765
140.6148339781207 164.4138386971054
25.61380213553168 16.190729772501978
38.89837297383547 44.40483132476909
122.49963337713439 140.8754292489595
44.24226080055824 27.047225193416047
118.60291450293046 168.01292244527428
44.424897247934524 194.81046632257002
12.256081784397033 150.0168285468572
18.16030362491958 166.33005554859878
9.103944011949604 81.62385881873494
38.870617012703846 69.27066465162876
118.02603236239493 7.801889134892193
121.91563104458044 30.951095516394833
185.259681365818 70.0589440205358
32.24031238247811 46.582105001128895
30.365126998353965 74.74815586924872
87.13903346861471 157.92558089280513
174.58716715293252 101.03873664377261
185.77176480513492 190.89887925988504
147.57311629786616 49.79099596381342
168.36171032449113 124.00568485594317
11.922023483432408 122.46540282020209
55.70229553266466 25.626853161304307
195.5784528779837 111.67309053749747
88.90990724789573 92.42774917271399
7.065749692945911 85.76157546139409
77.2799783454936 199.92790292793222
185.69650317602614 169.61144908803524
21.45540363618821 107.30770104051055
50.69520771557294 165.09554739947103
98.61726176107575 74.70563573866535
173.7622770632363 45.39045663506269
62.30110439287966 155.9176107781535
58.87428641285331 161.14600237504843
132.62952141111526 153.2984104457371
117.79185288363539 34.304794817967135
188.12475850475607 174.97985252983958
103.0815342514035 84.01069764297024
179.15079044511816 20.874583361666808
187.91847598497264 41.81103134873278
117.59158484469832 125.37358540726903
19.1309597618206 191.76336310274513
164.01713970177806 180.74545745149055
108.66765017714609 190.20017129950654
192.93129682986353 31.529179704372233
86.99418374411331 72.59466557456395
172.45909149751276 151.328816605796
19.81715408339495 193.48508953146643
60.83219291993445 96.44979887497207
41.902316850486486 59.341177447897664
44.604054273372554 35.3324063611252
92.10657667209561 196.5863371098508
166.61247790800957 152.38472367926695
189.0887191046321 168.90093901156766
21.84835033172201 21.970999507003917
130.90232394229554 132.78401727967042
73.55098929863817 180.25391427968412
40.910912172793324 120.95566351738478
192.8437198362502 133.76552329945625
87.5271500618264 129.3985189469996
41.654444882102325 190.1132045427375
194.1849591229054 148.0282598983891
128.68677353915123 130.8212678458737
128.42319169390385 71.05959273268306
156.82468109912722 38.34396797510764
131.55053927310863 115.29815652483964
26.71620503155885 171.04201655782487
87.02709605922595 177.63263391186211
53.77359783827285 60.008678395443596
85.89571073003897 144.734948580859
163.31377922038695 116.61891243503189
175.9057335746777 27.078424663065228
116.06377514152672 193.48084140298195
5.269170754798402 161.05409275178627
73.26339444105483 184.09382175165427
92.45162087480468 50.82813743757213
27.03752603604248 183.55854262540012
177.15525411722183 147.13000900391197
133.94406754140178 44.40703667758699
147.78261518521177 97.48559671874486
110.15810690434489 161.19300099565137
151.47988103665895 199.7671746743821
10.980657693015793 169.63454193919128
197.34974489384444 121.42644028958753
58.25831861552555 116.99402025360651
52.63800484831065 147.28982176567695
88.724393714219 9.857887461351101
68.63435221038385 134.7728813652914
138.44380284040915 186.8003989874358
57.33933732232512 170.7425383160387
83.31604021296056 156.46385024147438
180.37770451610413 35.012826733154576
162.63381068207045 147.69612481329312
177.24906233075163 126.19213719220879
83.9304531822373 55.223168970155044
151.83267343720703 160.2607359493601
150.12585313619599 156.27344518702571
58.0111941006878 83.83838244848958
128.99451946513975 2.527491024896622
76.05164131800746 119.86486411724186
87.45718472267241 46.263949729338336
168.78323496830387 154.45160823286923
113.65461873178822 131.4887863135446
146.35815282227466 94.58033823935175
54.188240932928686 143.12021935734046
130.17985062290222 117.47349850543924
136.32907393037453 52.00482951683429
53.945365955527855 158.2033350022514
29.53761470003218 70.00744110258144
76.62980005845013 31.376345907631542
8.617014156052782 30.01553172013123
72.55516877034145 137.55036954904395
164.03083213068504 121.17608127923627
188.61613213797148 40.78792215274569
31.05206105975522 126.59623068562355
142.5032398726724 78.10405405056275
1.3642526995345072 81.26474159670138
46.3261049538801 14.170769350008205
133.61812183863634 25.84972341278309
151.23609426160664 144.9427469963105
51.322667975318346 29.41616641998086
8.435102492264113 79.6107316400402
31.984545755081093 156.53701794495072
103.81358360534658 63.27317128808272
63.13621621193959 118.03514193051883
158.59849799788802 50.04007172509739
163.77627126163293 77.22167139242038
94.90311042339752 116.72918400504047
68.13032396954941 45.111948121018045
37.95436068313147 122.12163346725373
120.80007468118194 22.289833972413177
33.0596083841483 84.0700188483152
24.009718160213666 27.56250808722449
28.332205237211117 87.35372593367497
171.08370060158705 101.53475945158479
176.1582327974995 82.3302932338622
129.2102982334804 124.55706789506185
49.96340217610622 61.72566316459274
32.40409651799854 93.14424608793254
147.60801310559242 35.5801302320702
72.1003518494419 173.49560380691673
16.76954952092986 186.25735214449577
117.09480692673779 72.17048074954123
90.66231194307115 68.13066164718103
22.85107889040885 155.15998193071653
32.92420735120998 52.395518686290046
147.1833159087693 17.153098088970943
164.95908048827658 117.8026691343273
130.80428321521194 133.67227836541596
165.61321511939315 21.014197663841827
156.59792435795353 50.24099217433642
93.31898954736629 193.94267400632185
190.25785342836886 68.65933534934825
100.44352045700377 118.8477690437408
122.8832811178008 152.2356873144497
72.46595985051381 61.981740100541515
125.56492274681639 28.116025866484208
110.32822717593069 8.822715538282132
80.50363484047234 113.87915625231287
36.27732174993392 43.893324496402755
160.07568782806317 150.94204441578623
21.51469201531706 85.97268362805406
180.2860376643327 25.86021461384369
60.817020219669615 155.25717354839554
162.80665086658666 177.49562813931746
51.97813072095596 151.51839977360987
140.75014506329208 181.52665536669915
166.69136468578185 85.50658949695477
12.673670635493117 123.75381748441114
129.48448002064774 190.1850296907303
123.09517236029957 104.42503095780317
38.98958777027317 160.42713904647727
87.65989894862354 149.37473403287322
139.05169647974682 71.68411824550516
96.74465626664859 97.85068466308431
119.24160258099012 143.942961158671
192.9152543178899 4.060679182064519
24.0728983577122 28.938171412949053
34.3425084664583 177.28452549544184
9.337274559299956 118.69574566988277
166.53434886325306 196.3951173667061
145.043216664331 92.64460831620947
186.33265155514437 9.518505553150792
9.693570181396026 120.1181310344741
142.88413929731078 151.95573311188912
132.07497429834675 72.83261069616007
138.96248577158275 166.20410241506792
77.98050006254797 57.12458163094747
152.9166860518501 152.12002128855184
23.168953042679806 78.46732691725443
49.207084832985835 133.88600667453304
162.15742321452862 32.22505100279789
69.39120370428317 98.39932925358585
60.02267563142949 7.606835271548862
73.84567148118448 130.43983896303482
88.95668273109972 193.28779497066193
33.12549153670532 169.9305712672638
47.225996569700854 72.17462171073655
7.7912505002879495 199.49205493183146
175.24108974888097 66.21868325415679
70.49788740454927 139.97871473343454
106.15750691747579 158.4195503143545
199.73859395411566 179.25116038637344
62.765253514177346 42.5001463815522
19.511938669994922 139.11850444487172
6.233400150492652 5.10011465094744
175.20462879377078 89.5896876081538
38.55871694053863 12.060835071539632
195.26368947183576 41.13559725427267
76.21994705867934 70.28252016917203
114.81297753899425 55.588888554891525
137.5836396908208 162.13312476314897
91.46506606062997 105.80642967393929
197.80192037043014 146.53620150549912
121.6814123640157 146.5376864595846
127.81456279858084 110.91128532612942
51.022722200566676 76.61625019733009
118.96785012045325 0.9172972534833068
187.3761329011417 90.90248273468504
106.02808809249902 80.73752370623896
148.18841808066162 78.68725975188325
98.01437156942232 34.34781931297557
160.29158261601884 0.508143252442661
60.75976343659597 181.50407043470926
102.00805391362972 166.80637375712905
131.6197951074233 38.27939716661666
98.57003701701655 103.87256076167719
24.734658190452418 47.28081950791265
121.79686760714598 189.82762317454439
147.34550494112287 62.981243248838496
12.217947903577354 191.12311172458553
85.24067050019207 142.25641464083455
69.80252383116405 75.71572143128667
152.24235900827182 20.842909766694472
69.09737550402583 70.72542979145393
55.97687441277684 80.68293546464733
128.41534176487832 25.093504683949487
45.84487955538001 161.08125775231946
14.198101800939146 135.59069400916985
91.05787761005453 97.5582398322073
135.3749827681475 106.94011261810385
129.5369843696058 44.48383954553563
183.71421326175548 50.2687255790409
6.149357351238005 155.53582172245515
122.68031685427947 174.53672268125092
23.598263134526487 44.629970198987515
3.6826420707399166 128.2152235716175
194.8545585014455 23.35040553044667
64.73633116276156 91.29619801913269
83.43095618412472 133.32068366696507
78.7162273956576 83.9898445618162
144.72796575032385 95.32387298150633
4.183463024342893 22.714792201070843
186.3983873689569 156.7197691686728
53.78266557721323 64.85603766422032
26.6372978586493 69.39780665558177
192.13176975240182 147.1484636650879
10.16065884028976 124.62703026397683
29.22514724261749 5.675399838569151
172.46007162501436 127.05629347306038
156.58767098289542 68.46682980542353
101.76248371534041 151.30352383090892
29.896397122250875 34.167982001632915
116.80557169854883 50.76221873275326
117.62453714069692 111.23925049290773
9.862010660393338 114.7668850607791
199.27920272821854 45.46715508967634
59.50587387399795 123.14455508412637
145.60577350070153 112.95638110598192
180.45744378827285 188.0678089984754
20.489168153262362 169.3358108911213
103.15831165880374 1.3443996299331795
86.58967726798443 77.25230337108397
188.1029012244426 114.86241027367883
98.32259383156688 44.40417201409807
172.7389665458454 70.43170869677833
92.60973480254894 110.5821306837235
114.82259594590552 42.21057152412693
27.518222764542656 120.09521101604213
73.52498636059424 89.9403570036057
188.62542313603717 40.11575987267535
83.61233594937063 175.5546147085951
78.0829501256023 8.795468201179135
120.86385802422409 62.33632142119545
19.129561210953817 133.628048053245
67.53889578385461 125.86276743897824
19.01905649926736 197.77204674976701
134.74057080806634 57.66236773793714
25.9397469492483 75.09124231393847
122.97903739241234 61.049671553301785
152.53541499995075 13.674305306847412
170.48213132632125 55.738206601843075
194.0473066359819 179.83516017068237
68.21059855307634 45.13373794117326
70.07997668426498 70.76260516163309
86.71929351724228 69.15992278327907
138.62110870922834 10.191491089659355
155.6021323883057 55.06805384080107
90.30096396626324 119.72084600007717
12.490222707783595 74.71766825587902
158.786113705309 131.48945859698605
32.992941265447385 110.06112458296191
115.34802648519995 137.8307282649824
68.75655649889252 136.95841582915466
182.03258965450027 36.889718259488276
33.63722780991347 113.58566796198872
78.99968994344692 67.89650299691219
135.53334625986432 195.87340588164358
65.39688430661417 149.23338215610812
63.50490047831605 31.7320345500252
133.13005122870206 195.93362289016665
78.4555376204226 7.2392123260137
132.5725423482863 176.32914974507827
99.49801763878725 111.25067012604359
80.36481500059831 105.08993388918071
103.4596784235019 180.78324534746173
29.330634661015196 180.7309335252295
58.44923744423829 56.675480023313575
77.57003681649543 170.02385902808334
100.51484584022761 123.40229647112437
87.4883465363182 113.91864776409595
42.478021723758715 158.01732797544673
9.15573466504287 125.41081363384221
139.2584861227373 178.4109133455639
3.585303414060692 33.857644314036925
193.75114763163907 185.0358951228035
191.20449476978848 105.79604308581348
77.84911039382902 50.42357749379149
77.48961815889896 151.93296106206537
199.0095156203745 17.734713359989705
70.19181135632306 41.919686167304015
20.80581081043338 71.77318356704083
38.434303962343904 130.73932039474968
145.41746537237694 77.62981642537096
57.88234277467055 127.04286307913206
60.20597615007552 121.76094689060639
171.4348990957155 117.07967352197291
153.38761577616307 113.69148375727794
112.6650802552303 159.68237594447368
53.09881624244524 35.84237838944908
30.325290603831622 20.12393496152194
1.3415217398857537 7.286653790144326
15.294374009432676 54.02164667590188
159.26782311735383 82.64519124326077
53.91025908797062 52.26538318705705
83.52563324713813 169.8725759684756
75.0119294989664 187.11328104999077
169.80517083821888 51.3532446425043
67.84777254148318 130.70703256628872
166.30848332112353 178.41942535581214
58.81650281850468 168.59002787548707
116.80435290886611 62.010699195052
122.06356031926036 154.98530205500597
39.93147555870669 191.0901095185502
59.24585360055548 21.956982635048195
70.55523622156035 145.4849245752281
91.6324305317451 174.5872263249992
161.94953364012272 193.98936182223855
42.47753684818267 132.49403224906297
66.8383907964245 128.11972355168388
162.20369975680637 107.86544762415278
54.35291383734757 178.23592914130992
9.5482059018839 44.518726260626536
55.56913237221692 104.1090333153581
169.0833902504408 131.9069014132638
17.848025796212784 63.64149137840496
4.727091819411955 96.97689732848926
96.71683788490428 8.519750307027874
191.97394466759846 71.45613348350884
54.804798185168856 192.96553452013526
39.9305137055755 120.3053904251683
54.14553812601761 82.2371228791573
109.78874883467343 10.365722338686556
105.07724337615943 66.62903139990159
93.44253724351637 21.901152399797596
69.52716180198782 46.86032898740626
176.03218440636587 126.92645924108632
166.56525051596827 82.45855672808663
181.9479889481617 4.187371155065156
40.024036198816916 161.8139644061459
44.427527921847634 44.1243176806764
4.013242318528332 193.7032552938186
114.89528334739016 12.183648629966704
68.17751680909777 24.87491152032657
89.84132649186411 101.09712217848623
43.89355568707549 10.028355597759585
153.98667881981348 11.725775544331917
131.93311176774372 126.22474102914025
72.96852492452923 157.33804611651559
198.40777677827793 30.848456069880005
177.65363353806876 84.63332425979063
115.02811225365144 76.84507649296128
100.13323755737731 42.29162273899099
47.753162453498746 41.19170182044349
119.24805113957446 131.0006710629408
72.40552059348009 118.65039545380299
91.55883322198729 68.38996118407081
81.61769036972085 188.53523230135838
85.45328148294837 57.13844548615303
80.5719200690953 16.66914127446464
48.04072416627352 77.9635769165242
189.12448855491965 69.77762610657425
161.76411555917844 15.251702490846286
26.689191492117416 61.941793208390685
21.977374838795804 107.33840825024889
89.75828871718494 16.051659826959753
50.36690160118915 32.61582838385142
35.8840580464715 198.29174545615408
90.95020330526712 104.65026748296988
38.22332854047155 167.64360479244596
43.149744198686825 25.26767586833174
183.0315623975499 28.622169059569668
26.61498616515756 15.629523640324972
153.8914178844911 124.08995948774995
55.6672554852524 13.749259086784527
115.26268909430092 32.225201420979445
164.53018150134878 135.9248929077844
21.88138974099012 60.33810582106525
176.4117235105401 191.68070481079283
155.48102830090707 122.13319254686645
62.90465123060156 173.16443706838416
5.822455098044688 33.72017490354309
106.30902160715377 58.852053943745176
27.913956066724644 184.41836182845606
119.95009378058919 27.326710228342254
70.88531143481475 118.73808840610323
44.62260620683851 176.9246577356557
131.83471767461018 110.84914164251198
21.001526302587692 3.974420887967889
92.01243665567948 42.85016573260783
136.76891072702068 131.17836246045528
159.36650320669926 190.7451619213236
22.617393074667724 63.875756857279306
72.896343268677 40.986920036923145
148.77116830886573 5.71679824132123
49.339287238474604 127.46203675015073
26.50167470835847 94.3340909443059
29.558742052210118 8.399230763024402
178.9693324388527 46.09352999593983
43.92629844768072 159.7046243158734
149.44115608077155 104.00042110696594
56.09937294407488 94.30051382832461
26.718633948232686 162.553533094114
190.1655139501967 57.86136150176713
173.76064056190373 94.29333116255575
3.602538236255226 181.35427440218217
150.48704415654242 29.530237390211568
155.98793810444153 51.144675780308546
176.32609399470476 19.95399187748901
7.1192054356674195 92.5924504220975
123.81304560373059 145.01588244268072
93.13561912785116 167.82748076422712
179.55289263277504 196.33199566915965
77.4786953199404 79.48103120336157
165.69662762497194 83.47407144689957
194.6117096366334 147.5780792963937
30.987385068913078 33.73929133945934
158.91082215737526 19.96617301109285
120.19217997388401 8.017855376975591
107.16622911640397 129.159333541825
112.27611511280455 158.87835468172293
33.49854506942265 16.758847053503366
114.78313266779321 83.6516246194413
12.986770119180079 179.72926196842124
22.324810421704044 64.767048070313
5.895223172877029 161.284138759307
125.113344664436 10.849085200913766
3.8665943949568238 171.1259309864927
35.879599724050415 62.8433299866723
9.931716813924062 139.05308638811275
92.3988049994108 33.0609307958069
191.50502642721204 28.313443321783737
87.07863790012887 108.95642367192676
53.80863272640111 70.50795234862963
188.2667074220886 195.0586835661823
82.79744580237403 139.49404603482873
104.38044509019215 142.60420008453065
117.49728610957577 69.8731951641719
40.80736186810392 164.80104512667438
167.90566078464315 27.24771080706305
110.67099018428803 173.70076589315343
33.67900911266324 139.80457170772226
30.491877461612948 15.99400680075016
164.92805309594473 77.67468040236771
3.506471477855011 16.17398706504858
182.15591814530848 19.499614672140808
34.362203313718595 147.19224648674506
37.950217095666396 108.9560237566195
198.45910542979018 89.67047280905571
176.36278421029633 55.8045489160143
180.21843379223338 99.74468506348924
146.30928795098092 104.285514636373
5.487443821132554 158.77994221309544
52.5144056014494 42.73007496895631
137.73504205565303 152.97465793684026
172.37468128210426 95.9785738375637
49.074490857788476 171.23643766283166
111.18641836317431 101.27048268805092
140.66359457853807 123.30506898212707
198.29579788295865 161.63779887282038
165.99989608659558 177.86213587635956
94.23794798785804 71.27785941733333
159.23128752718605 4.526622094869137
183.77759329198616 15.768362717784834
180.91149053705672 77.89111252420624
3.2841957432570013 159.86135338316893
170.89921371571674 187.4173164070443
69.82304448000131 75.60875011071178
151.3770037126901 66.33393310750542
180.15827080861231 143.94774506222555
36.75143162601877 122.6884524919939
75.85717822142759 183.34065427432856
91.24193266951657 181.19974758087127
64.43206860738128 89.64514764193667
32.92716722831557 131.4544613794129
35.060801128880726 98.083674788717
17.535112939824458 160.15243946353485
163.23519671783114 41.24169732193577
49.404791269560945 181.20629599759422
100.92293483955335 133.88370751361205
48.96567850564399 193.8084289908573
129.24114538658293 153.91160688034543
167.0838416248864 123.65797176024
147.21396592699793 95.47736693702511
40.00022695608683 114.0944582831295
77.42465410168782 67.53109857839605
103.2984034231131 0.3120993371273917
123.92508108911416 24.395965554441766
175.99272568802428 41.833952526924236
197.55791936779448 174.3803256396838
42.55633568699682 74.92087572974857
119.0778273592912 125.83345136741397
56.62571100854954 110.77433088061166
55.82194467628907 28.24640386599173
94.44913661464807 189.2154962069344
15.042088418648003 50.3334958442281
68.19213275695874 111.20969801227116
39.97883114099603 121.53969883173916
179.56979839471552 159.71860876131294
149.0833563077502 81.90380638201987
60.93636550733672 42.6489050465827
197.68500149961997 152.6110680353043
87.2912673400701 87.30629790529014
177.28472192987803 2.8614118419532764
171.920599448292 61.29346346446476
147.3622727082238 132.8097625750056
59.06761818060902 130.06814018646332
64.68433854656932 166.43617618409593
124.37552674679789 105.86399720933117
119.10818376112324 102.97153812585186
141.16293879902972 15.07336494326228
166.316557174796 192.13334267504385
10.346157241257714 87.67752682413963
63.32390001611658 105.99732095335209
146.31142304253498 116.73290989083654
72.4221330369806 143.6453074290088
102.6993634971843 148.39402155704516
91.29333968776159 17.45435663745676
171.3252025876933 35.309004781977094
153.29717105095614 168.99333115837203
177.68705156414987 124.65464455049538
153.33426561230507 144.62257069204605
102.27525434027118 114.60687027354213
90.78550346507508 133.57688585545753
178.71647825770242 147.02487909787118
64.64275160077919 77.12442832601687
33.69208836402158 186.17009413941096
157.9313323341885 45.87227747428408
39.157599163504145 90.24650506486469
6.54414132634038 181.1394242794386
104.26168844557853 175.17351507194
145.29736794120967 186.69940108637277
58.144482959193525 3.996002301110768
27.717961522304634 158.40287501557722
76.42266114207136 96.88854690293884
106.3776709988979 166.11978746509914
178.33706380946228 63.17203841002927
94.50342581230412 98.0677647513482
189.33369201821856 11.69382782287267
191.1454653473867 134.7050479059857
183.9243614596131 152.37021653623236
23.596877036970575 182.64186957851615
62.66910560658516 40.14927508932158
43.748286066554634 32.056583173394415
134.220414557818 86.86478248074245
47.50966533929881 18.059464547174176
44.9306734148216 14.476229280735886
120.2221741873993 97.24528045663689
145.92274292468383 83.86036067363307
79.97025087255992 45.566648071494
189.29052410256543 179.79787674870317
27.987359751166906 44.20062516912129
196.5600747570417 158.5215962567437
76.71780394718459 36.10935900294947
117.425871393118 159.74316866507482
95.12263828046423 31.412790707131432
51.67155029399677 173.63543731806635
101.82838499899532 189.33328667600753
193.56059027931508 164.37982465293737
104.51046447277392 10.158993518895265
136.8997231377075 108.13774915089797
32.412465891302 33.20630405734442
186.390454849715 186.925224242604
47.55203062729976 32.24494013742212
61.51886718369936 2.397524970302256
93.69699997610536 124.77618322409252
26.368604660736295 147.71122332344814
176.93446585299736 128.49889281330786
74.98692334427794 190.4190486968476
5.5953033456622725 186.81692981563717
179.67561401677082 44.020864750857
100.20066574890207 199.9700495618324
162.11625237764454 187.24911552524668
183.90761132893306 108.93487528593455
67.55740745009197 117.9826007147951
45.139770713081994 84.10987427143819
64.9919642179195 76.65488359863033
65.43280733439826 198.01396889682152
26.61473500317022 57.98064197304347
45.05392717957577 117.18326823766839
120.09506771253817 136.18433094566444
87.59340314916946 34.28454508812797
106.47431240864465 101.18974638322418
52.132348544230524 145.66219001833875
142.61228058087198 115.76656797628198
25.96155043501036 112.95008984352202
160.63206964997576 134.58113042912947
30.872218838449218 153.71826038710816
112.52455511278919 157.04486935162942
180.42588590737466 187.73075907299818
95.47999263868448 65.6896344367164
36.981434454289854 55.3641863457367
154.44567857425025 64.8340976476917
169.10123404336838 58.9989370033692
14.224232849034735 51.26677540775564
165.13486606356722 34.4858971580392
97.06058161617479 152.78244128093178
169.83736075784347 104.03859683066446
67.91091505669465 146.55481082025034
47.305105800778314 129.21969444472745
150.01588661482387 42.06524980724389
142.38936419524092 141.04085915800525
5.742471685306461 83.38025997861622
54.126626868895265 82.21314985915794
125.52810240237677 111.9856840367784
194.7873272403255 31.885159673348685
197.32600784932575 110.09385071538497
31.89671729849657 29.84466154415928
99.05982214995979 74.79228253288267
27.09505147608555 157.11822774450715
95.28941730720722 42.41270671733153
171.19762362517002 155.86777946507664
81.90888940788447 188.002175757586
52.640680531921966 139.08298318434368
29.978251733391147 152.91858965090367
7.963391876108217 38.520280745680544
192.04175034857045 100.28263470225039
35.22970276704669 72.61710202522909
54.575734344414826 161.1049614617292
38.49238589892367 128.7405774116094
159.83955589991433 113.88199864561899
165.6853557786306 126.09086018591866
15.96483488503977 92.50868822744442
192.81698047311556 114.43854613334834
90.46353866414023 59.30810403864444
190.81192670851047 19.415417034682257
74.22977547879708 131.4276655254128
93.23422802884708 86.96866666130991
23.801496266683884 110.11306444685043
92.0060740559058 172.0399871979879
129.85976740999055 197.07216606299357
72.41632618767736 21.824009780910636
72.05214936662362 95.42184077784171
196.55677939265897 146.13193737966375
59.16016904207058 84.05162444697238
93.30174519546304 16.616568032889777
136.78415005960449 53.20138845101976
54.60470369382961 177.27777916195308
158.6976050007891 48.292439795212076
99.81718781587216 15.530295920502478
177.22967070132043 176.55317142186263
167.17115156820753 111.03300661092706
128.03858227137655 181.38541985860985
92.43064910327696 12.154914569693599
90.381130284207 101.10691995691614
5.088952857004503 106.06680968498507
128.5016135815153 35.96849934007651
97.1446489841066 139.0084900180375
194.30701771255713 14.323851450461644
36.83962555411233 83.2236859359005
40.81953851658056 26.72024561545925
148.9532211129225 167.52565661387823
23.757861559511294 158.35428796306746
107.87069530506508 119.6387498991384
29.893507241056348 31.70238976041828
48.637193024580895 181.3194408485153
26.411403237354868 81.16122070927399
108.71571286838571 120.9350980548727
28.220411077999707 45.9572415767052
146.33894349981466 136.26344282794457
29.228802264644305 199.29712423938787
105.24951815457666 199.1190378397376
172.97841784424904 19.047298579774786
38.52966553543078 166.8117198141885
56.73994924337269 135.63301870630573
19.546535238052076 41.715167374460925
194.8825204256013 66.49102894094514
124.09273020174247 137.24975151011787
89.84711947323136 82.18398637462431
119.92249897582555 131.27452512186258
18.534726348122565 53.93964406640641
129.36628391754655 18.246948221769376
190.39823850130654 189.02408734711497
105.45722093922734 14.672332100361562
129.56814973878974 171.23681907926687
31.84290336198552 33.46387318496844
12.563188937656001 140.39550516774807
87.25111040037162 164.87573332642503
32.276823422605226 197.199583371517
95.72163915872054 59.21479048551759
15.750195840087212 169.60363443330903
118.01788784014991 1.4172865794299216
29.233568691912048 157.27527334988892
67.02702186565053 12.608035076031143
52.065557769122094 2.962164024952707
36.09839631975662 159.71549478495052
82.36585649643024 168.88811627836986
8.360350596535572 146.50299367203442
119.3458066118498 83.52190688090255
163.28008031230885 49.286556941931295
194.21259159166468 144.31074807055327
4.727773938200541 150.53962502716882
37.00248369756907 17.5330074168323
102.0736940810617 32.78256836954731
162.18746270674902 9.726397857241809
33.583208781121996 92.05845805773714
9.779147186721215 17.66927856555036
183.86156079577424 167.65310107174207
94.93306060973796 38.11568087213608
179.7780152581516 115.04846476200154
7.332273434615089 87.13010167868795
61.53054656229584 44.46538843132544
126.88765465448361 59.866561779508245
171.72626876077598 135.5126724768365
78.31067327822623 41.032068790803834
20.507354969036086 20.479335147525312
69.96388728417475 170.8261586022542
6.925113985795384 199.95652474313533
152.38926487021928 13.607768907082662
115.61568615798375 3.2764842056518306
9.393365006829235 67.88580015565783
1.6728690427731951 83.69442594491503
175.2326705008061 180.44503460883087
134.7128220141043 18.645609423541565
175.2667025030298 85.19231067929367
45.69147793334505 77.83140415098934
175.73919500507242 87.26186880567668
2.6958207256081446 168.58406442120878
43.260411782352584 117.21310064557238
182.77977351765736 83.04090657276471
13.822237154615946 171.95399650589175
154.224024312837 178.8851727956667
135.97241699576654 142.63465587835384
4.603919068247442 50.93031297415989
181.21912918317764 159.1362682634095
169.63591747557828 30.86899520138562
123.45646424768806 90.98232688991365
145.2194122227883 107.12852142908518
155.80061792056048 82.98045512599377
108.45603820730787 136.1794583163379
72.50124985424267 27.764382266711074
75.63787321837292 92.27448773522818
100.03821093905626 72.49016202494457
57.317763915659995 185.93419353671158
197.85607386896035 130.6609217429165
153.40364149003946 152.97511902109983
45.860651700742714 120.98678396164635
130.34370680400852 70.50786259007738
16.483594012920655 86.73476751534663
86.1068008480818 158.00760596728745
186.58938310409988 51.517929790352724
118.06076418006151 34.029428828053994
29.73905995437125 199.33844524829166
136.82700036761184 47.33733651244469
152.00619963773494 183.5732342073391
112.40811849116072 0.3663915176485455
178.91020029568037 137.0176236186718
72.23707682403845 10.517895266845967
165.88137977672488 49.27287745156113
193.4028831238311 5.448557968823398
120.83479032459263 85.53637402797058
59.876214702728525 3.489110752611202
119.7189414278777 186.7141901422975
173.08659908326374 68.8118198290101
54.865211327251664 119.17824427987595
57.45685165586549 155.4081401377958
148.47545742359893 199.82520341296595
147.39730794788844 189.68311622569104
186.3441802391935 120.43844775872002
136.50460665953736 172.72473059621996
1.7789287996456071 110.96519301903234
102.47354713587488 45.51249995017923
32.29520457113586 127.58207124231456
95.35205463130426 89.91684720966721
59.77462921393859 59.694666716310095
73.83664950351854 60.31161189386509
176.1091006772485 142.97773723825662
66.23115285299856 165.22457332683666
54.61670037618595 143.0622200323445
150.39160044361037 113.7411265717833
84.45827414629024 100.72339497749714
69.6494220448908 85.49269405714628
48.569449199474526 98.34475304103032
40.30115793306865 144.87753987690408
146.8496194836196 61.77855532247782
76.18110398777338 115.56485245822856
198.8986295770812 198.04785084562585
46.47801924641317 179.64451383609884
199.62619594147125 199.3502255453234
35.589295790337026 175.11299697390567
191.2883927854187 172.20373930033546
55.76983051929787 164.508166263521
145.75360979173342 173.1425130071237
155.67583085731818 77.73893136582679
100.4561136876821 108.72706599517595
151.1028344738721 42.31387466578438
193.40778923128593 96.28037851313115
123.47150167118801 1.2320877670751296
143.71954583790438 78.5801154976531
34.03004672642271 136.81613892235504
95.38219358117324 24.230956098106482
59.09060637962369 131.23816249794177
186.014794907065 188.49137216214993
187.87468744986342 152.64736014825297
72.33909041795208 92.78330331240048
108.38395245855818 177.30324247709697
84.59943964519867 96.0200981556768
160.40799408332967 145.49288611951644
19.037304464437433 81.05864327404635
143.41740810864565 98.49303268068648
58.4492065411584 150.37420917527083
154.34685393510702 143.30144476382762
17.049255452648882 174.12897536581687
72.20514138944945 164.5631038953318
131.0693040719067 108.5837073371313
9.542315029580095 158.25134418399244
104.3107961835294 159.15285071990994
167.51952703040058 130.89073338565746
45.47847277391901 74.91264193514134
25.26617140878036 174.66076244852195
14.61693555518373 135.68388415441652
72.14564543186097 47.79992772164947
144.74265588769686 116.31739461526426
63.71869880436256 192.22232563043826
11.501701777109496 68.29667229352137
21.8821030712137 150.9887158581255
130.15617212513396 193.3081084652482
143.79148821004569 23.946483125691408
100.28807204584366 9.443624512751958
109.34048455054379 186.04397456222358
3.186040772302645 85.43135009832356
35.432786301840146 14.032073166215575
29.114984576473013 126.54803081811023
47.166942078452514 88.36303218724628
117.34534336814622 99.21053865623873
125.155238426398 14.833163623049671
121.21714528002303 58.63581881129862
91.79906332431416 169.07069719757138
38.5212895632373 106.26153010875304
35.55792596467482 21.00829808923961
11.375333100060224 93.65159660004123
106.17983959997399 42.322696822787755
4.982522336853834 161.32100988192778
49.60708578739166 83.25193536063765
43.40070493377519 53.681724586636314
192.79950890307103 78.0699867906425
152.05931887223664 23.723748761416054
78.62864814791281 62.49628188100198
186.15572790772634 60.39453924555105
187.3346926556877 90.24604124962832
19.70346061404569 14.119996442863435
122.86199858520015 97.81756516518487
109.01678760812959 15.425625847057688
88.8850025016271 192.9388213713952
94.48776653366716 137.79603470785494
38.72837154334674 110.76388397536986
157.59879881697566 43.99744601523574
125.10724176345556 82.10627440133752
71.5159698036957 40.529663542303055
68.4116548668332 28.501037042483524
20.672574908556165 34.63295957103709
117.80312978401344 107.8001104482835
195.02087474445798 58.83989076171125
82.04974531764286 48.48830663234729
153.06717545853758 155.1158916639117
188.79513923304714 73.03082360153898
189.88424622736557 49.407063915645736
140.96036895216736 92.68844517427361
172.21979486037952 96.9812685271185
41.32779084803844 2.706481069987876
174.97018670190766 33.20337922896912
114.01887465032074 52.28514300579228
87.68738926157964 71.00409483564061
25.424459019763734 61.67742241312815
1.3171450718783673 139.40320574420068
155.18310164389604 106.81633157218273
157.4919824447823 153.93213149422294
140.59871142342345 167.5619650999545
16.2911046196879 87.95155167141718
45.068064668561505 123.12116742753354
7.8375378639507165 37.413427951767986
186.49202661613145 162.25836279992373
84.00806202442685 142.26515962201879
106.12456984864107 101.05070021627311
161.39966990133766 122.77655991541087
74.37522361128947 157.61710636994985
58.94812627946695 60.307604456386144
80.46737329745494 37.611233402117385
75.30896222851351 19.585319672303925
183.7217525637282 158.7726101698752
51.83549018815168 89.45960376684903
6.885944665099464 79.26821042032188
150.59967599453438 160.70081229768803
158.87274955903794 199.3680151146917
177.81809962680668 104.41173601619292
155.3641166458877 105.56209823168747
114.91399798761196 1.0884803213045524
48.38053121367185 150.00480840273903
124.55729232075106 177.36567772677682
66.3954283665901 98.47311249375137
35.37824821065012 136.35647409077373
111.95180064730023 99.06464823785836
116.99279935880371 89.38927301383153
151.530701236627 106.21136438209749
193.2422015652344 102.44444974987279
138.97764086550518 111.44669122345246
165.86156333358397 51.026586488225774
158.9570844726717 115.13609293197237
172.14759160056136 108.7248245023512
113.6085688925917 87.19760714421376
132.60425512557828 109.34531917474668
61.48394642415664 85.70358436995771
50.6505187015396 140.65707366090405
79.00604321979698 66.25254358358677
117.85548580498579 188.72800166599245
199.92189938193945 20.76298805500969
170.76360666972977 16.27805600042973
86.35356321510383 97.8971461932028
36.81054073392056 136.88431792334936
90.58535540762085 155.53793089066
152.44673959626138 116.88267448451815
147.7582149740935 199.10527387419233
22.09151597722665 139.56031385461037
175.36392250036735 148.31366398093405
61.08985416538302 171.71212891639112
7.340316891244836 57.49870764162273
159.2082789565588 15.549839231119877
131.2647028388596 3.8033858093423634
35.02097563336357 76.42644605939353
179.30529695763244 188.7249070099994
106.70574586435954 116.97588796746572
69.58619252542191 72.20672963203391
133.6473614011754 127.03951048291506
102.75620744660792 21.078610198188773
89.55432166855226 185.60046951984003
134.63912877336398 155.01197324527593
134.16125714877188 0.1251776034145724
123.28771157713143 104.35793714817383
6.093146731288113 30.797079149081874
169.42113714180897 27.20072204003865
160.31591298612486 18.093740139781755
58.676089439052134 193.64231689727626
71.33972045451027 42.193485261873946
139.77016631197748 193.04474191238552
113.27537090183637 144.546958931566
144.28174345632962 166.0926884264336
81.04909476681034 24.43845614985525
69.35508608722509 104.4803484138335
166.28711906823165 129.73095332410327
72.90618717982092 108.05325272616867
27.129230352861367 153.0133265648182
106.12141368489586 163.75587834487138
38.01363318408934 179.27906982349643
29.101195707831053 133.990651264082
115.95012004251875 12.550555291209363
33.73164622867535 157.5056324100868
176.05565464290578 33.22289782573391
87.13109228221805 69.36365081064677
96.70609501945324 31.793985174027274
89.32782134950878 128.2531862895199
187.44868247901684 168.14770789421382
35.92444815378508 134.16648820125147
191.94190328847301 160.86771653975555
39.98368641936432 93.86545379620144
41.45389106687305 17.412383178642
44.7139941365235 96.06389125399429
174.84356976713835 181.9077911046989
191.4911698106969 47.97997488573049
122.8846535732872 164.84829910269298
93.66521173378739 8.538533383548863
85.12158524569402 125.34654818265567
139.12601508908506 125.20314395046583
39.14178162677151 47.720580898387645
170.25566294972404 126.10985062393112
184.04405326982015 51.596106748418705
32.38995293964584 0.6063219681789134
5.5274139284180235 3.0351627670865966
105.46708374281533 47.1785610504867
6.1376238694988094 180.11045429423513
78.32703884672105 87.33060492423913
32.94029515533878 129.84743869457768
106.0483926826258 128.9658926744679
173.98234374572158 36.228333138082824
30.121894278855656 188.57884115802136
113.08356832446209 101.21611050194363
107.68078676137347 79.56250724838733
139.76864208517773 148.0030906658668
169.36354404874515 44.7284246345804
152.77130313938903 1.023084746805436
77.0241513042222 12.788643537456391
151.6125812234743 149.7365094097463
35.51818966849738 97.10717918146203
87.98614696460257 72.9288716299069
169.527608958069 170.56254955177315
33.74701811945964 178.54284180308503
66.32947521066303 73.23730133471571
45.94395077681725 183.8482044611869
31.413991323097434 91.13210279851577
135.1222003588093 12.050697728117887
56.07077539584478 32.84301800092562
188.25954907528924 137.390752343692
38.90564072199534 92.11493781325196
27.852821184955957 39.52185375894026
26.79802627760175 155.79995357338848
22.938339809590524 33.398102899882474
35.574541198256185 26.208626445739093
85.7411479247282 173.38508376862782
157.59524742308 34.82027955266227
164.95880278137875 3.3018539773247424
89.79236732340878 11.862002184894482
174.2564293814673 75.75654450548915
12.305079580884094 184.3371447151763
144.66114576469607 131.28008851412025
3.114346198700413 37.39572504366835
139.4144990324629 69.66643546927187
74.97897477925038 78.0744645089212
21.475524641157428 187.83181400880554
163.71216555859147 133.30338356768792
137.7411424483286 45.90802065754242
162.04432224536237 88.26538287946177
41.349301844173155 59.30362427936095
48.74324795961928 121.8289399553906
153.32274553999622 55.76903931160058
107.5525323027926 15.590021256216824
14.66271802989536 184.03678325847704
76.07233517283004 42.027519529528504
6.9371798911628035 70.4745791181337
54.92325371125506 151.16072926905974
164.92439296842832 8.99279327000504
144.72768940325105 131.81370657140795
84.7023744608516 100.84076401078303
137.975223963157 57.902610239776585
18.26406867945245 146.00364774072423
134.03477891991682 166.66469318417717
197.55652588150159 60.12725622505057
44.5229546984804 77.18394740879269
46.81581571397353 173.52613404030015
129.47326168920475 114.64261914355309
74.76725249046861 190.52417592800697
64.88954394526631 73.99464162051801
92.9917860193771 145.49798155331752
188.1151659440553 166.05014277027442
30.948166955824075 154.24133695719556
124.10489193874827 40.96748123865428
119.41163054006662 57.71217948337639
50.36490043369513 123.8766608620376
144.9439411384409 162.47758096034028
136.4728482580196 128.32216119821032
128.12201229689762 33.63841557167617
162.06872331876764 13.621312838291288
196.335413032696 123.96502269040286
142.41207056845548 120.8800352072044
14.697815880372556 57.727143809513294
146.65045863933125 160.5465065949302
21.54875368731155 113.61510539428468
98.59838762285469 47.076628797906814
55.14166343901308 22.1429572080307
185.06883578933883 36.61372389892043
85.36344430949043 75.02620775355693
143.95460241505387 7.911534071007487
179.43892381439056 100.2180482531926
146.28965889942282 150.34103700375573
44.879980071986324 41.02308131127788
55.50982533585047 187.4684562713856
85.59877155417361 197.63202325039978
73.80969267352198 3.8483132948759824
101.60059615143918 115.31142527474148
36.93885937292474 18.74992788465981
90.86139507929998 106.13921658234484
117.12682772532881 129.93449294127814
26.86175731990359 177.87059467755583
54.27817113288711 189.21673602466663
85.85039070740098 42.34282591639993
80.37711244132541 43.70929558133352
187.39097942428776 23.626349546921332
194.32490253137496 52.855323782867615
176.63476867846316 58.87241514669817
67.15091343904402 69.35307240071754
86.45020510238655 31.95089366296329
2.492268324800162 51.40264773642047
185.7326092608302 0.21145204353043567
163.2771310850385 180.07551038621978
122.90869657023067 188.68084262967025
178.17205914052687 9.899534877897743
113.52021818589012 166.15803592252013
124.55289399006948 196.52171662858336
0.11212513312330863 94.65466426776364
197.62912132762676 120.8283157554699
170.70484350733128 80.21535595785375
100.11108920785685 44.266667480655954
64.51165083041681 4.373206206340452
8.709931798585991 9.71887206260542
17.610567147264412 183.5499402415859
3.6534990292080183 133.0028016765463
47.33188066488159 146.67604057561144
18.399032091721914 178.70086698337562
48.51428430304756 163.94647984444833
121.73412636161731 199.7070144698124
106.0299700289302 169.76055838011527
169.50994920662168 20.834172754790224
56.67225251995407 11.323620356472475
65.17445213494655 146.21847211478678
107.08743394760376 90.40504782545065
187.31660475939867 37.729455463965024
2.1057857238369504 92.6863709272175
80.41465508150884 150.55200998828303
82.2797542987427 153.44549767578596
145.7312257693903 128.28435312072622
193.7414074003208 111.71763997356045
191.54184233800433 121.27189425481832
157.15861709001362 101.23794203691685
165.0001314525806 84.70637472694908
152.9213827632448 39.98606511806253
68.49707441007578 114.78328339150569
58.2258387537592 177.50342884283475
85.70085611153256 50.50661824811109
189.6583532462841 92.30642486762328
25.390218819403863 199.34980626017014
67.86376555275997 30.81530856496608
129.93831635609803 6.710468988698892
72.06697218871867 86.03961271022158
57.17385798742909 161.38794561678762
130.35097627201534 107.79956835939882
39.582704433556536 63.06027882755523
40.31404178664984 179.0888670924782
196.36777505501016 96.4784538576798
188.92952800212592 139.41911653166082
177.3545752688494 73.75369927483275
171.9999305038469 158.78177800818992
161.75570324250174 31.58141562974479
50.991158000048365 59.38594360121776
161.66982685601693 113.60684769205795
83.84409702410431 30.939102813470054
98.12017427913071 93.34267252380445
134.40504212164436 31.136254010417332
188.63039116496913 186.52021790711345
77.24827659426109 19.09089609410397
65.79053054379911 88.56081572492596
192.5580108906408 145.49780689775446
119.91277426694754 193.64700801237072
23.044962073775555 91.94028831731443
88.9085356421087 148.97044523333327
153.64289205817389 124.85778065696489
13.398920782487833 96.55404470924056
57.31883886575233 110.81017988108452
146.42106575622637 140.72889831008425
165.14654156394565 166.69739605105175
65.70730376736869 173.0174869712379
62.714696197331946 110.3753914818344
173.14261180968094 190.46711380575533
76.56795038230446 137.00772559916473
181.4696194820847 138.48606248793908
14.967238288447371 45.68503903737635
128.6077553678369 114.78994329941696
148.80746046406756 91.00490645554227
188.04305922956212 93.91598193811184
145.01526830593053 97.36922462313093
169.91234473155788 20.475843598265175
43.371898865595696 117.90529486608207
154.39093387741968 4.801600921135685
109.07354829515188 87.63621430993835
153.1181200598522 19.96684644962121
51.24155818142084 154.23326093179165
40.09400038741124 94.06047782018882
75.28255334898432 30.044853991941658
84.08827305144047 52.25015260027157
22.90651102591412 150.37329239619567
172.2470171950281 175.5066160538584
104.57533579356779 107.54404623768903
40.43044257845898 181.94780673982046
106.23949562569115 12.572175979363976
181.21078482277395 57.53567866810616
33.5080299645498 28.476053592185878
33.92960410356547 197.3863790660849
147.0346489428306 191.93236719901512
27.513210852380187 115.18379192784742
10.609178667308793 166.96570468980167
136.71363743519407 132.26754852343058
65.78380446762431 110.465706110521
37.68160575221453 183.7861447677985
117.60483689645187 12.294423952971867
170.70373481304054 90.84681984688243
1.2918051133144148 125.14534567074568
166.47207782569828 181.38089160357958
29.493450639373474 69.69108234138821
14.503977103536215 135.08873375794624
112.98946864288921 150.91496154084362
172.49805497494074 136.59865914281636
163.13188397816276 161.15233461038133
141.72792351865948 3.864638466640602
194.36346778938167 188.9964594824569
77.82011032298809 151.25499210623107
12.727357236196667 185.7250783055833
6.438987998940848 133.41055138800618
176.42424278838214 197.8815256578778
127.9952087697056 20.102913777819566
77.45700842944115 132.9052213266135
165.18605524639844 83.88442112723986
85.01583841090286 172.80828015340302
75.42900232938912 157.53409511729893
166.86304859759923 171.98775823969848
16.29516453862463 34.686907665454726
39.42911785423506 36.412048469402116
129.2969623132888 36.537258824974764
78.97512130473754 28.974477362314065
106.2915843913168 173.55598037432165
33.96440842598372 140.63403813417366
164.69647985214579 99.6680249608112
55.96344502876847 45.53592277110583
62.57913174281795 61.68690998393696
61.3062636153539 145.67043965321352
168.9613787061881 107.38700113458005
100.23462003030671 10.403851010093357
125.29976619926155 36.04457693460175
12.246796327412035 199.69658647283168
157.27469426888726 75.09593839517244
54.479550782947506 162.90656833354916
87.2673065617725 178.96994373702367
189.79358947273147 145.57721697937583
91.96663103891976 82.67274233545221
87.799270025659 52.40117712261454
137.26506704260112 141.41179004596754
96.4488684902692 55.50169338140385
3.187240329650076 109.58238875934498
174.76287174207147 1.1069097361901648
124.72772892394235 119.63312763063189
130.83301759329018 106.35677638479726
198.19979744088926 84.10038664121791
97.58857743931593 119.93652843633839
113.45328270753028 78.47008447316813
190.70993756625697 41.15079695139858
61.6399683296796 188.54528769412693
109.19415043406242 17.80170430052186
167.73796233899125 71.34813598376853
47.23016101788331 146.66062231331958
10.45292934303661 46.39941692711207
158.6660342911318 76.98712961740588
50.56769430981616 41.30329159920165
53.59320250511388 166.69891283447208
45.773613036984415 4.009942557043011
52.350477619738015 110.95096681827832
197.25383527178892 78.76591782907565
88.70024656687185 82.72623288393513
54.96807519213937 178.56995886546764
89.95899266960285 1.6190881326754614
78.04951573937919 22.985323838442827
15.164505029560814 163.07075486679037
20.703952065115082 91.4284169462343
111.92485865041965 27.133735594564268
164.36883624549225 143.49944073137826
183.19693088282557 177.42292155127143
39.6502826911409 33.409473501996565
4.021926311564261 178.75561168425918
188.80455445855333 192.61723620341695
187.2076192945288 167.86604041251059
100.23147913857713 56.60955861273867
35.00835797615773 142.76925034405338
199.48089898767418 139.54180006035213
159.0680514152035 16.693860977198295
28.162192443779578 12.840173451489733
186.20597861111844 59.713286704846325
192.78304898944938 153.86845545251276
13.543447238171735 46.27537250652776
93.29608277112338 189.3162308115952
17.77132486218762 84.91891964314289
147.30178261428725 12.004103198637385
25.88180414662724 149.41373020042778
114.48392279146806 37.75612870773624
116.73152490534073 71.34630376770588
50.99528887473266 9.896372483148053
135.05273053729294 54.37909525113296
68.3414356319108 153.01806880290397
135.8356411835388 99.66590828134052
191.46862891060567 3.5679080267558616
66.1182598007144 123.79159813652004
195.506921074734 64.94363678926027
35.72295860666239 84.56996835544703
153.90705002379724 25.968001762162384
113.612642753917 7.4818926814704145
37.03314458906697 134.36215168666678
149.82700449291414 83.02182380540246
44.72304152527266 53.46137977709044
89.19455966287092 99.52581930404851
90.93285101085434 197.82777075394472
7.212065531350564 32.64953504087749
9.6195262289267 171.27678586630176
157.66350011879936 104.51149510594672
131.5618388698649 157.49920998246415
7.690834349658804 24.947580654138378
65.32077289934035 125.71037636385473
167.39022008929305 83.71793930422082
67.81474029568373 72.5559911681956
64.65531234671131 89.2284639601131
16.976246687235673 92.49054025576461
95.71141501325936 102.6518215328857
157.35231424922702 147.81161124609855
147.32191416150707 110.86999916565013
184.45949972453224 164.22140035818293
182.05513520927963 23.64703614175303
171.77432676342025 145.77388708320913
28.94103632322245 174.10125157725355
129.31322420996963 21.187413475187512
108.84124818279028 7.762712224344037
65.82599733215552 21.058466337824488
93.37991992324616 42.6518511852759
194.7342414512066 153.76014966721368
187.2089302735175 122.42319769969558
4.573392546620725 65.54259710563353
158.5716945161559 164.74699454398183
43.60994625470573 162.88226339837664
141.52999705756056 95.42337484493277
59.49610361226745 96.91653078281368
118.54717788311756 128.10375003023643
106.42476282325217 167.8865504208201
91.31678120013422 185.41541564565017
65.59241613998682 46.119352124501866
189.70973182020242 55.630422959842974
154.24473613885098 99.68478287455295
25.077613716580082 125.5830499107339
113.50991242280426 40.16594645010814
11.982698965987893 181.0348182126708
101.95761795712967 178.41855084986813
64.00852485477716 53.467339217331336
93.23554042336994 133.70082979122478
150.27286039035107 100.25474482236237
130.8345838804963 17.673804567998896
153.54788027404967 190.9567739496391
12.709227313019156 107.37292312293742
7.3624058819429905 33.63172247968749
19.20700459937217 150.5895932801664
81.77425229157309 65.85895983241387
103.24827667422238 175.83798509428553
25.044678120607177 32.51096622976686
14.098628686490233 157.5096214207727
197.17776949125042 34.838416134932814
87.08073786946547 147.5121657283348
56.23348951720224 61.31038797254873
26.177131548725363 192.41947280765328
78.04605685114797 100.6434325554038
67.7515206579606 41.79667681268773
2.6915203707283286 15.50410297361533
142.20057848463304 170.49921586432126
12.9593968126549 85.11145133977864
146.3983490577506 76.12486718886986
118.33710733604848 159.14382337844586
140.4164547902434 193.6973022616353
118.49356238431592 73.02937801381366
83.62418384909272 118.7526938395828
119.20263849100003 117.88006068782198
144.47945439806924 95.97979638634536
147.69814165739876 15.227536138422337
55.81650250827228 87.72660237292207
186.61305097841904 190.09279639966982
117.60573993511095 0.5481829754756085
72.11510699749502 148.80906521863983
51.56788362829272 21.747588388850136
132.170950634893 35.56233465377468
138.1713809693131 47.38558708819205
156.3523538413118 174.7541860838055
92.52765788442036 152.8920179360672
88.7949379417623 165.03230631593686
33.18434347455015 186.78091334162053
98.84283329585676 178.17397859506977
21.26151423363143 23.00975302898265
111.53936538429323 19.762601744809704
155.54059526187467 102.57660276942846
87.07465654678911 174.80789362965976
152.89716347766046 47.47605975670217
72.2908918145863 97.00833870639475
115.42306984668076 184.85737367955423
96.243132495542 39.795901456298964
154.653311529134 170.8328676025365
167.24640097014273 116.97782292768251
31.102196352791168 193.31110795221443
86.18574612300588 20.19357720251207
191.82717358110582 2.485358849622754
42.962885332198056 99.17337505286426
147.49107606885715 122.28679651518286
195.21121641531803 73.43596005785761
75.42006707642592 49.040636057451906
146.66078494270624 199.194640562934
186.70025366955048 99.34656523983074
2.720451511473443 40.758805542123035
165.85237697532003 32.45204959841106
21.276180770720487 157.02148894622155
17.304968709348234 118.88070780962106
13.807524659316428 77.06171452148678
171.5071296540907 110.88787191868796
8.885778130773115 92.51715638906524
52.94047265224644 159.98993889306286
4.367905854473464 135.8273485282641
191.36777085572544 58.210236001486
176.88155844111284 36.46067405655262
139.72863843111568 24.449982029405714
43.568156626464514 190.49885020872955
52.64969875234442 50.99444565605295
178.20075056943173 172.1491181555207
25.15274794827269 48.92208787915895
123.70658875993912 154.85625825069377
72.25429880155987 89.72226954196358
77.89009536945663 104.36075666412788
151.83372088539434 28.262933447327644
82.52808730163052 69.846545826924
10.033475557879413 75.11366270805215
178.81970257042929 87.8365118904011
45.45426431343236 68.04712353980022
81.50875392946078 49.43310025623961
182.03670640169454 145.66742031160538
53.72986642409698 74.05741819073792
158.23308568647585 186.42137617509337
108.34931405940851 188.51661915686708
60.74390991132776 75.48586708401058
125.47503050877462 0.4911560768896317
40.20307136103381 137.89610088249026
52.60061258846185 10.888016141154356
150.75263620791145 133.06463886205066
51.59817477896846 6.956574878892963
87.48645184409938 2.409024830653972
36.16935409945792 46.85576531005546
198.01604064605968 20.760849011505723
126.46815578298072 132.19269557416698
94.69955874947584 139.39424469968466
116.82472335127918 114.21402662374209
51.49784271572258 40.64529460138859
66.1510531151642 74.74895573315253
61.63816707357841 93.4486329722711
73.01536146789138 45.05523017089783
81.33906021213821 26.340886651807693
22.410313280017657 152.54458746915077
112.09396754320808 170.3137735374551
5.177382252307483 74.54471980349268
10.23671066254419 82.3382521444207
78.44973629747669 123.50624162286113
28.821393976017596 46.485703101256945
148.76720787915093 83.53734453444982
13.776063690957074 37.05696865860144
12.717694209352048 192.5885506919321
119.60843962227048 21.246532230975458
86.68899269329864 98.21613336803846
168.04157327529612 16.510380294526428
158.0051372362965 97.94172520213762
138.61716922503865 196.69729999532456
118.88471944790015 145.79697667755894
114.59835913536351 123.40378211149148
92.45042865333335 13.172485873320628
160.03178883576598 115.7783222201813
39.1231012948696 100.86485504500942
186.63919635306678 58.468602004619605
32.0148929514154 38.10301651494097
94.85425058993091 121.6732282133365
182.2538716288748 46.827346955453386
68.04086011013042 2.7471275347876967
7.51282626872638 112.59939299290052
133.46540984076384 95.34704806267864
66.7546860943119 86.67914061762521
36.74586074013217 124.83662325673126
72.9485316124441 45.383389172834775
49.216694771075794 150.37830391643644
167.014865013915 173.57565614135194
34.648925758658386 161.00052921023277
174.48354055329017 89.84038763396688
192.88377779632276 10.875246909426961
84.13058406240938 133.1976161567677
18.410924125190032 19.278955580784896
59.85371061164957 89.07457871877686
21.569958228009977 29.174787378564403
54.82400513607526 22.50523809881846
174.30457035088222 42.12677209289137
73.16620818956225 177.44757792002213
77.16097136604093 49.57716363204467
175.38423333350664 40.49119487698509
36.56392562514756 9.026953978875918
31.399425728967366 192.62076277810456
28.88761416583754 35.44532908588347
155.55815642973135 43.4206428238038
103.90224395173595 47.614229435859826
108.7473211809446 146.30462862505013
152.5642368136591 76.80895014081868
197.7050155771078 109.21772734599944
32.942723525025805 67.70737955585457
7.66270232340176 88.12476539608072
65.7306588257023 122.47861739992969
80.272003113703 93.56533614449363
198.04626260065868 173.83562123915866
39.360108756750975 100.51367474280843
134.5701994364085 65.74065499504196
36.88427290725909 45.62294831079554
145.93787788513154 8.067619917177193
161.81410112104413 32.623653483997785
26.557616509874226 23.93206830081409
17.030839419748634 144.52618200977156
27.252967944715746 107.60936922038896
183.38002582703737 78.92288844756756
168.37525806216902 59.04990013613685
127.73273019700018 152.18693198086578
64.75775825484848 153.3242909465883
79.90430411826368 27.94062214261659
75.32909900230698 181.41322302082568
121.16459037020171 86.00752629552674
174.40246786400948 27.834764195755945
80.00059084075555 142.23601714581108
156.54742856838803 72.08540196903475
184.89980111497292 125.34315937041862
85.96699624624029 1.6386255808604977
68.77990206785091 141.66285388513958
124.36708041415842 158.70718688994782
92.19767974152862 39.95280817834599
177.98516846743397 61.56821630336042
93.48528653121593 177.57076930140045
56.8728107682446 63.32023805422055
72.32839798320434 143.28112715180907
108.197287691783 192.32368440350353
55.45372439218379 134.64924648839056
193.30991052894802 85.51806147344267
136.41980171806776 54.39568314131253
16.85726067615949 147.233005809896
117.99979479110844 170.58573985506985
14.692989650405774 72.56874005864368
72.59564068262891 61.18034424553045
175.43523279919327 63.72000322489395
91.11828725426543 116.47459906329001
88.68736102652733 116.45106145921088
167.87520228963677 14.816185700545459
51.00210832582446 144.2576206471377
67.98581625053504 117.99229614147978
10.32301104704063 109.86839418951729
128.01255704654506 0.7661351613519551
193.70151245930018 156.23233509551056
97.18262192089631 75.91429947106063
23.871196770101434 76.34616952543118
109.13644359950412 4.266743414574292
194.11164160681815 15.139565261328801
149.20861662552701 177.39713536389453
23.559745731774907 139.44719204969073
75.00757197468013 120.88325213316065
117.31729406172089 10.904720061094242
133.7014082033985 0.3202427506335592
132.7851210805056 26.720074900114565
147.55907170139056 110.41541726899679
184.72601015051126 36.1407564441687
62.65494163097544 49.20469089098525
176.47128959003595 184.72025107880035
28.576415874325136 140.55857891464098
17.79092830156397 166.8978492173141
183.83701010999118 56.52557431954142
190.49646096535878 46.389590082578124
142.5565609715306 37.47224801731039
98.82776356911897 183.6040630130355
193.82593976963497 84.27393418252085
144.13066291552653 49.1732877178757
81.4978935103324 103.68750205412954
96.4575371258499 9.535911072473958
175.21760713375943 94.28859558730962
72.497637733471 20.90529775745531
53.38710384998493 152.94930884333624
135.22471032987568 9.62962162735803
164.66957554304773 127.59952197342506
104.5251717756894 70.33839573353899
31.86887448169422 94.4110867683871
135.23755603991705 81.88167187596176
53.75075289534832 185.94431697260774
71.97882928047947 29.383316026872343
127.11666288664347 152.47441475418702
182.25511896365657 187.15291583212218
147.37596823975548 147.1588742655332
115.98051619231242 163.7572249937586
177.25243933312754 38.789809051703706
62.59379630791342 96.56635758935299
161.37085845999394 178.45204078523622
78.16622893108803 175.60544654500825
9.55195219192031 50.446439011608234
87.76511256264922 62.43876372293302
79.88147373314351 137.15487886456503
80.31827372618953 156.63519417097933
1.1850926419220587 84.9917395456467
139.78856533229123 159.78568510091557
118.75118244054393 47.334517269432496
89.91234442105048 125.4486204373469
35.163943364423524 20.791681448376977
91.05460480795674 63.694842506851735
20.32544611310987 183.5762522165831
3.368257223361737 23.136501547881917
38.211268564542465 111.2836520795631
62.927254205256624 128.3519017461146
114.38579989359077 82.32076346888616
191.7850336912001 161.41105428594585
146.5816829472689 166.7471908255448
136.8057052909478 142.81426889738051
175.59916926499642 15.879220037767228
90.81327999965862 30.8741173621639
139.44905282571733 109.88902647630185
162.18510782631776 42.21819687771908
12.738530708324092 78.16086324272162
19.119504264856467 170.57226738324493
170.23513894338836 150.63865455611736
188.50415082190602 179.4456286763294
9.676713485342026 151.39322836576184
118.2283207382149 190.66671064193233
137.07516135835965 77.12866116372436
149.09157097935272 62.9307333576397
99.92306292594752 109.51822932675258
95.15820732030396 150.10347270382206
40.52947880227673 10.474609377744159
126.02578018783936 20.30026285503368
11.467432140163458 170.08760736974955
159.582292385036 56.78010567362959
102.18783266805286 79.62371656667955
91.37443239848979 60.61188402089832
23.877869202588364 36.55686697155984
22.333518806404484 66.00844803523125
88.77697608151378 156.72197462593516
49.83024362377504 129.94501758137696
176.9577151186037 97.01255889762041
161.32707774117435 76.30403644859672
139.38937106531338 98.25270035472357
31.847864784476965 98.33978782100013
141.4282173765341 6.496015735397553
197.38026734234586 162.50774683162894
195.81053936345089 147.61024045366486
144.93713658681685 126.46887770324273
111.18572055151724 77.17065070822767
97.18852429774707 82.03271116565989
102.60615622262661 35.68857329150952
59.87689146078603 97.23019953306333
5.4457617405973435 107.90653055213278
91.82474905709563 113.88405797579122
101.94307869192227 198.0441173345732
159.51599329357197 51.65080214970328
53.16789712879728 93.41936479219835
96.09910880503041 186.06869825036688
197.56327737927114 89.86408382443626
26.856983694007507 109.28684170814445
157.39893046823713 158.27050239390653
1.9341311157780483 69.52705482274123
162.11089141924353 76.46441623636527
53.87346778592767 119.1379106638274
199.04584152156247 37.15349476771426
143.03591574358828 91.99440074384562
60.68856266106148 100.01496637306322
87.23797518689915 181.8559524674207
18.384792248508774 67.37297159262158
123.06038740417024 168.60218167887334
25.611105831695657 126.41667765109261
1.4972996738556343 111.43078862373154
145.78197183403591 117.22406109842017
84.07151069107574 80.03634063915077
121.84323246067297 195.98786811764955
64.4883724781049 89.3840436759887
146.36772465261447 164.6277881353637
11.180124184517904 171.35712516750715
199.78998774137773 135.50330301417603
115.64394717897346 0.9358927184380805
1.4663965767571563 165.3931433177373
121.81686333965713 153.29607513900982
87.11207671011563 197.8772935894729
155.15846662709848 20.118095968996073
187.20532086240556 85.64614893308413
60.170981609838115 89.7285328192683
71.4425170577621 70.30089228585953
8.324479700756848 105.45853312639694
50.880806679651315 77.90110236120107
199.2112619482131 90.01231256127909
26.67565839184092 85.13486795750947
197.8697197746228 95.80202459490697
193.11109876229992 125.5127638076574
148.33355964723756 180.20930078543444
128.95946879673767 14.739855471533915
14.996821757222257 9.85726422154578
78.5019391092503 157.7486794200717
143.41908532112672 158.00343107887224
# Candidate locations coordinates
145.55604141937755 23.664553182110627
4.587740103922733 16.038776001108435
30.108524083274936 41.84855383896391
173.59961061972186 46.62674127715647
189.1995411628056 138.54678198333838
166.28496775666983 96.41699429800784
193.2654856040122 24.83456378136777
95.93239704383703 69.48913824032175
19.91338551084274 194.82482456387814
161.6793563892878 110.59832026097278
74.7178907124753 57.644844807071415
94.75631945296146 54.62282018060907
26.355020359781278 187.28036851748152
27.48607276867794 167.0123853355697
181.86013572286006 194.97331544815182
33.868374547020316 63.116043362516685
67.54319791808841 40.232188693263105
88.5217294797988 158.69288313492552
181.72295394243548 176.52154102813975
30.651414524528043 82.99386942186284
109.75845411032839 59.84063259665777
156.52847281678228 89.79002504493852
178.2765028407725 69.85850831241885
196.03751699334427 122.11104131842139
169.2517715678021 21.657033840605532
169.9351370651587 52.45947240071478
130.9657567845849 33.19110513699892
104.23243816717911 6.827908044774467
118.32303405261868 43.13506727270933
102.94749274792096 25.918257994673176
20.3514263729925 192.32431394427124
83.74156836094633 94.61267947148808
147.8089940193489 2.6554143956755816
74.8827899104642 59.45420607108976
50.330588845563426 65.21492710643832
199.89242948199328 101.34606620454265
55.52195147216028 70.98499860152057
34.913696718884864 30.86282078230851
33.341339315584584 113.7454949885933
116.93363222417345 61.52755772080485
165.86387382704828 5.53512296886276
88.96053441094674 149.7295169009584
69.08258621876946 103.25896787065696
29.15942778946057 102.07546685220305
100.27894993504793 92.76760319072206
83.44060790690462 59.121817931901475
137.2718096009154 179.89250130100072
106.16215477749222 10.601897017236661
134.9817723799418 46.74128110086713
156.39892773382542 6.18821798331346
199.89683107867674 70.62368728465891
134.79339313745712 71.27602989069408
75.70405691228154 82.3907647449276
38.304537884192634 129.46378980702033
27.057305429183675 178.8224062149126
49.56206928159583 154.5123678169989
135.95455999298767 189.77157596971657
7.946575572063197 159.54095021523779
115.78824118243902 141.6234346510082
36.879526759141235 163.55621760623808
120.42954300794229 102.7456035980117
130.08235523084016 32.310849166511765
115.80064164778364 34.53646234327212
161.32852114135324 40.92158850963461
84.05813189600192 3.787461033780004
21.860832293922527 129.47891079191513
160.93974724993154 11.275816109820713
168.11608179734517 175.95126589625954
6.844345692109144 45.91736100762971
165.0041213735934 191.0124000835299
110.60298207483339 88.85088035177999
166.19725300704658 6.086481519717735
129.55007438646726 68.44213134611921
147.81210867310722 107.87618653742615
124.01726853422426 121.50152214136574
189.40139740510165 11.957856573837988
186.27461446042955 163.27799063907185
141.8499205070355 98.75752882049784
55.28579507231635 8.210842633347394
136.904184347249 151.37821551143034
15.261789691449025 0.9691171454327296
186.30625596720935 18.1355007527404
0.8643605173453306 45.18647599984369
176.66228537392135 153.2596958375888
100.51963286951266 54.68433334687717
93.19181222867368 87.42180954857179
25.45259413738603 35.6976825923899
50.28471131044034 33.82436993580529
4.137580207321978 14.34226014214277
59.29713719161971 198.15350346265694
139.71627673831568 49.34591636038561
49.092565775447206 32.91739713182533
173.10548256708304 21.33755734787359
178.6522687752772 44.433528357963766
149.58225154819613 48.06035773798545
68.17755696071978 169.4089659784633
70.48763646712067 177.09459782298055
163.64606265146895 159.48088990560143
90.85726595157597 93.2890074740404
15.504155718661128 31.408727106323408
