# User's coordinates
3.3200096370051835 55.71274619934095
104.2600288794371 182.9831302341654
36.48545649618475 66.03125519382567
78.01703157272588 93.1609809701101
70.96827303681228 199.90617214341745
83.88304616058532 167.2446009303514
15.329273493787454 30.4632545705406
73.20769876860204 133.04339182690026
64.88003211654984 3.9157455477691228
88.80257133680382 133.8073391223857
143.29023187594137 164.2085090672251
9.734256710098087 134.86257066496447
142.5506877266927 195.91900422988553
64.42689525809644 65.42402709795422
44.34024878891463 177.99124737432533
71.1021208174357 126.87071886446087
129.7791396444854 101.3002690212898
105.10653145802995 158.32098808506052
50.050201053929655 63.80634377466603
67.58946269475715 158.29051487031737
140.80818120365993 109.07985375950733
55.77975641182624 90.55930793537665
1.0865180044917322 127.0302547244062
187.25115458476307 109.52918987625276
75.91331991646403 126.6863971782399
166.00656979407842 124.11580563972586
140.8494507655794 147.53412038410212
90.5345950595097 192.15052281206658
128.21170304584945 142.2397411811848
121.28153181813192 166.57185853337205
136.9989480560774 165.31747055472871
121.38332732082998 39.61122885288213
83.86145268783577 29.303407012936123
154.30228624767304 97.03756793477262
136.7792329060432 56.23618284082923
42.22721537153846 98.03492801315127
133.20172638550557 49.93736327074858
111.00663892696585 79.57658542931898
140.57821146979825 78.47569377311663
0.14175827439282251 53.14621080719959
40.713812391354566 47.76790342137849
51.85179970723137 23.650029945539952
51.29385746712691 195.98449042102487
19.73809341474171 17.974191205269175
195.03996441850114 141.18460595397704
197.48018379727276 10.233170703314066
131.42763272269866 15.494906319182089
193.07842093102835 51.86613694548572
177.37881230473533 101.66470239637222
81.88088622805647 171.23792191195156
93.9032723508031 174.82373342716875
28.49040334127242 91.15690749255505
0.795121650721442 28.61768221986971
28.0742861644643 119.27421230504089
112.26319093965003 21.330053158685413
140.88621751896326 105.88415617727749
149.09201937711828 11.159170484920168
104.81587033825883 14.080520342198355
126.98966904728222 42.6871412086659
12.691804813905726 61.716809521325274
134.31879656803983 123.40073987110678
75.07194627097068 30.62093481920616
190.64183364288667 156.31845937494006
102.18766717726817 125.49263364469836
188.12375957240857 111.34359914558263
80.68335910729584 156.790547712461
193.0419729102004 102.26298952616281
187.74240685928018 5.974985338049454
52.58601787309605 25.700704416619757
179.69317838111957 31.500228219517478
148.97622176753606 144.3006572056289
159.83290831852378 110.5823424226473
183.68953097385975 24.370747847318587
195.81686278228952 9.516704251917263
185.4974571092848 57.79481876098262
70.53055476454513 173.42469179889613
135.6083824113381 197.85184369197088
14.730704786551296 159.45742323910338
21.961687150391928 36.78776366427592
158.09023512443414 52.39899098350842
96.84269149172633 65.70174740385251
38.653703236924876 67.0010964179207
116.87760047859521 179.4849519052362
159.3869276007137 32.62771774407487
6.966560899649776 0.15863760683596517
92.6217989096139 21.6539756952155
100.22006592629324 16.26237487068929
119.48299486288936 0.026147217511907073
134.88922244449074 179.50558105415774
10.212769603254856 39.30439862660364
145.3770943362755 131.6573459868492
46.79273800244603 124.2803449198961
92.33920054941476 141.51837798637936
69.57608670657504 130.92114537952565
171.78024592689042 160.7681464408429
108.73558824183615 47.00288296208299
68.19803466183343 141.78951025708122
32.26664676390156 49.78421458719815
11.69040615544783 147.66650310781512
39.28588250620866 53.17615703092107
51.56168677907742 58.753273861938915
9.480472174480914 41.0089786225349
25.981639896494755 98.09075603850937
91.10215567660535 107.04398813354045
123.12925224881664 38.44969217280762
145.70359293452157 73.96090203523926
42.90171325331069 123.11889465518647
169.6144891616316 40.92017342901531
166.24011334790734 147.69926458088213
177.6845418522372 60.585532085276974
133.28723552268977 97.6835467130754
57.423530714596914 152.62857307344413
83.79096379449634 59.423734125126714
30.800524386377436 23.761947010847685
2.031902515684436 35.767188229049275
49.14434668864158 145.73255467877638
162.74075386790906 91.22309612503392
22.582104335286513 114.87706267874778
98.66734661487928 120.1092514414703
41.32239941374143 52.30459865543122
140.66420847429947 122.56331832771829
155.41071958018622 30.2178256099894
160.3872507185496 43.75678180175513
111.90351803149778 2.409410385998978
104.99076158212502 8.610358514243455
189.17638038549876 102.02238122445657
87.19132281144395 45.55110869582724
188.52827254671215 112.5148710999554
142.96650292572718 89.62144406971473
141.8801224927864 189.391853275722
141.26060272032782 108.90111039303537
5.845003165219742 172.92789806675458
109.7558582342132 181.1108696134683
99.01537756018759 23.227153799648505
5.910685404601823 2.9031781477537155
85.71051905384496 183.385438906914
68.20905556894145 104.49527340327305
122.38018588764024 13.791962510706979
28.9084754250172 29.827485355535543
88.07026069729172 130.46049529459444
21.169158149873745 34.19112249201339
142.40350718093416 46.73095607521651
97.35802204779051 125.28380095870844
109.49402098530592 80.14570778096291
180.01433143997022 185.0221036741493
55.728039963522534 199.98269220206444
100.50986421381705 55.85145344734372
146.37988221129575 0.1638578221314857
184.95340070142413 183.89851580429186
35.315307063464395 95.03011443409437
143.02218820994804 95.56940440159198
146.61223760273253 170.31059463491707
133.71454337007827 75.48894209778057
148.0466617932816 169.40243584459645
70.92735779672243 123.5858329785132
128.3368042567416 73.22380189437612
67.6069359124573 22.05777847406121
151.12090698731242 101.15139733746905
192.2866592412592 115.61192650458187
195.613994328231 94.78590186158364
29.36349191169001 195.50617008276097
87.14276526951194 122.48835411657026
141.66198857989414 8.245083503398543
51.05091497115066 194.47668492723702
178.54752660547294 102.06271780837814
34.97034114776587 18.7540065019681
188.78801662136823 82.60771037708325
163.80534484445516 99.33982519633796
51.62973616056013 23.186903170192274
111.73001054243218 62.137791512364736
106.1929585206278 82.19596782028802
160.79208704755143 176.11810158044412
111.41294134491682 160.2333074860564
121.52328517003839 72.18984885514901
14.421238436584938 178.45220075690332
164.51723791440256 176.42692149169898
170.221508424338 93.06804049501302
59.19774791832499 117.20340899138004
26.5060174777171 104.78369441242864
135.27762386798074 56.93667830511997
190.73026004951603 156.78083321320742
163.56711990694683 153.39151823120253
48.95348679619038 109.39338289822025
37.064046906070146 186.83298447313038
74.52276017229326 66.32715443687106
123.7627076274591 159.2028759873055
2.3482168717169793 41.79296691216741
198.55468163469584 141.66711881203685
21.209877846695257 137.0523659244063
188.38929190706153 180.46297545272992
92.93670193363064 88.48888967194557
176.93834788177253 163.98996096239148
160.4567625344741 19.09426842574089
187.33934833826265 57.63476168384254
141.60441679973084 149.98831106452343
6.693678476371501 185.73498398746406
190.39964997570397 92.3989752986468
110.06280448484924 66.00347096723588
96.31872524471004 97.34543551087593
23.61135788158557 78.31724177689745
25.91331285724985 168.09013040643998
105.69454601341039 17.428569203068143
66.20404950529215 54.95015505748844
38.02574259941353 27.793942993777332
161.47125463044787 126.8360746502357
77.83371003039186 187.46829881366614
17.07534497141929 192.86413167624693
165.8698800498745 117.10412729584793
35.58072210539947 43.77747239663401
116.7771003501183 126.5907633198132
97.05770546653356 67.47922699423694
8.178806605787337 41.84000616672932
3.5215423602636076 36.849372640216615
63.64757096606857 154.19139211778554
164.34882544733975 197.7949553517075
114.03013075307268 183.3442851498301
12.768047551803718 155.26065900579508
49.48698136556644 107.15361047040204
187.37971069296702 38.466826768299086
54.30468330775133 4.5472397064566294
152.22704892517055 18.964019418871338
89.08332985437211 60.408022562151075
44.736510878847824 47.60642741844971
171.5145274222009 37.14914735935153
107.70555945154963 94.6291771779115
77.41801615499762 113.12851307771345
143.70003645781821 20.518692298833564
75.89432200049771 24.218964785290265
191.3589088730762 16.872053047012912
89.8052650171758 168.23609710989575
59.97721003179499 72.7240232611273
16.54560508354288 132.9694995928282
42.94126428766201 187.44028592777454
34.08867638737259 44.85137652781723
123.64572560926315 199.89628188047888
24.39827697382777 168.24251785928772
174.24812697520187 162.3278435735087
158.74915581792413 21.685343478349985
47.4397856825918 118.88362463320554
91.31396295983556 185.1400900922734
38.329103055390235 87.86157249116225
3.8065099766595667 85.08082747024474
161.5012161431319 62.249007234128165
171.69801764303799 166.3867756959326
81.64643852102336 184.80302738778965
175.42554869067516 124.74029894172082
108.21716105887367 53.77467056675114
30.16710258444384 60.940948602227316
199.93897765212805 1.0579120369002215
137.9620808946168 111.24831804314634
183.38729602972464 45.67260376050164
21.064520871163815 197.36733993006405
96.42537721911214 146.974071272331
113.94476357389249 14.422820754644295
105.79284654620949 165.79863018349047
146.29860891383677 7.091647497427456
65.53491770462894 119.7848207428305
111.98005396980267 41.386537627716315
160.53976377749763 183.6841120751388
88.1308345191651 186.70469230133457
35.36188228882982 86.04500679110687
89.70070627113355 79.92702753285836
99.87871263022666 61.11603008685675
185.18481560017034 199.00529969806882
115.49498683116259 158.97262228276256
154.25557586902207 103.23397729407995
28.600038465923806 147.9973654445175
154.09638054536754 12.939474881773716
87.40849583349292 140.21107651475322
195.8132613119338 42.37805805846602
166.37432275141683 127.57877146849029
107.17177860832692 3.314140470123239
70.42422514524202 42.8056550930406
79.40008312983981 174.31280289990394
32.61020047892935 77.67799870081326
17.90181821736161 10.97611564893568
90.17579812647591 148.50689943682826
137.43539966214163 12.807696116172806
191.6771739937662 29.564334611058673
56.260159421370105 170.80445260670047
14.14995075884018 159.85763913223406
140.15833788169147 51.1312828081731
0.818413536519369 64.24511634873926
90.25120416136652 83.34798931642646
173.09971182856003 106.18803171810491
161.38210590671315 135.57067701197224
137.0565506858963 170.17937861099932
99.38466390537279 39.893625921117646
77.20841172772204 188.97373537175224
199.4637462257374 33.80788600620457
78.23092707147426 193.81233912099975
119.64114060923112 77.75198724596466
66.4655093018261 156.67572879408277
105.48006455332045 34.53206222018122
176.84301466759766 68.56881222308063
188.46860418028425 173.0574092292548
80.50554524256937 98.19362933400855
128.92032735824685 196.8583940117425
99.37105722931754 165.21530463736977
11.913193503692266 63.317815095801386
162.30787745546635 15.832530878929774
40.753786497455714 25.10135988833948
13.240070853166097 68.01361766919489
84.8422823148596 34.846392319577355
79.6983928964823 131.61621405348404
104.42676741587047 59.41894134261463
98.91013416417572 42.797111011506985
18.503607991679605 104.55576631108212
35.16842822951134 79.76155497564798
172.2086141392399 91.5067190523556
72.6215000843624 46.58500196000113
62.8378208300824 108.89418145713792
83.1651418213887 96.74691480767625
155.5059062255309 157.6340473125859
31.9113729934527 134.31553736746986
127.30070259602407 104.66744432010302
192.2994146867506 150.47243887635423
123.87121839602288 169.46989496186015
179.8177462957917 158.8709519007767
1.8160008096734792 50.161895026624094
166.07187230646107 16.126693669472814
103.58907032133826 40.35369292988522
13.34966646897322 84.10800777465816
1.1627854653758485 44.6481903025584
130.02633692786677 129.34537942525586
88.10625418382124 87.9500516860922
171.09216101057297 98.64790489446962
84.7326733225499 161.29856709318048
184.52110837785767 133.6010890981948
79.4648521475696 82.62974426078462
176.92719673513338 194.09848656545776
102.80125946450622 115.78064523099836
30.832251663906153 25.431640213962602
73.03119386400516 110.55335737616704
116.64675364677355 42.15947517968737
135.90033380946534 185.60629823145013
180.76545837055983 136.0481248132271
162.03827059484072 81.284763444314
177.1554229094861 190.72332832717356
56.272078155595054 72.7944548282532
182.17840739626402 148.01723130186386
130.82187210115794 165.96003003817458
7.346861397928239 124.04147156167677
106.09486513567212 185.4326022510122
40.42419770981358 10.209001824873297
9.88392287547397 87.3010455915656
140.81797220405772 173.03577603266226
195.4597501914036 13.19547862009285
192.75455588228496 133.0628314984353
18.405887311412727 150.29483679857103
147.52787990418562 57.40239256123518
153.20968961460207 143.86561013838045
160.33238792244515 143.47008073669812
33.559203774220926 189.26833284033992
186.2290758132493 187.84199892204114
146.8234409742719 37.03425189996652
111.70875712886092 184.56050070217609
10.565140737073486 164.46565233208494
85.69099751297964 164.11521707586024
68.98682786838125 36.40556597231131
104.74111827029098 80.59550514117295
91.17410022878883 39.68574408147889
138.65835490579215 184.6230404407484
41.94238971157991 195.187104132241
155.95405293220824 171.20397062546687
125.57276687933158 19.37550622680757
107.44084785978683 99.07909799302459
85.87443421560094 45.64915987188773
44.05481009976284 127.00790354452103
160.33205481031962 13.767370769705757
45.528007094068215 23.626263822570802
137.57747527322775 110.66008807507299
89.09100846345102 112.30746578482417
143.7387715186132 91.80558790779749
131.75823099886696 153.8838244325702
87.96202437213991 115.40733246204398
24.021431834365934 192.39736497609778
25.497164515825776 50.03091695695105
104.32219174264448 48.044645587287825
101.87075727618809 122.28168835697788
56.62999993664353 161.3193942445229
31.91198370929098 36.9007801511124
9.081710752951055 138.44564743998353
58.2094148303598 59.822756997260825
3.0601813043019455 99.80000224477159
154.77841094573583 103.65703103669468
135.42460616188802 11.691487290718872
66.25471721232418 94.66619705280743
22.283315648648383 121.16701421933702
85.9518177517897 50.68377936386066
158.8272627562421 100.36121226679428
182.70179204122925 1.2138341202577285
55.51895331253074 190.34643358719947
169.0719873546425 139.13829290120515
110.30002103618446 182.1982371709231
147.5540712299148 29.504420366310224
61.7496584512244 3.5114121993571557
34.50319142877633 87.35474989086596
37.823230042021216 142.68164087755102
164.91236537316402 163.00664857134453
161.5310450171753 83.78519206815167
147.43852950178834 8.495006742128197
55.6406178712455 91.75688191699633
50.15839314772019 86.75189282440215
159.61692813678775 163.76396414221836
5.338545862170285 139.14986547550996
126.46326727110117 106.4101466186494
195.72519997689986 46.82331175625525
16.678973679329843 120.6586774318187
15.842548041908056 106.5255815220717
177.42298847966086 175.18464529991502
76.78013559162132 95.2041876818739
168.73184988854453 138.21176016908183
185.19656479005442 56.20069724584775
23.94140890401635 44.15568142943673
108.85930205398127 76.34863347816491
129.0713547622905 166.79227260870553
118.92902173070597 77.52238694090943
184.92886742063172 18.912334403479214
179.01116775546544 43.830001453453946
93.7401792941958 69.84520142885148
163.65853130814833 163.20545341481207
96.26909862800754 152.3068524422818
16.60918712146453 176.8381379019279
193.63707605423483 10.761491202814089
163.63882713153407 146.66094245634233
60.15661411712294 36.044019746251536
55.67177895594102 6.162637555488115
92.78741834243735 105.65736247409086
179.87232835566084 138.53901417728332
41.862110680762264 137.54159039045405
127.32522178821726 73.96466666934955
66.15020400259122 147.79130460344095
176.96458908530985 184.71631534992196
185.48967406680399 147.7803777284386
192.11742025603343 137.21863341374626
157.84292475248017 119.78294534502282
183.88901300680283 97.48247654880842
34.381119684698966 84.20722578822517
113.14590246525967 31.654446028394958
49.667014059846124 60.583276181698096
105.72345228667899 161.51639275201586
134.8739762201741 131.58186713885564
111.84003963541372 30.95106302157373
57.83408887718582 58.644242477016476
119.47132098440876 180.75054181844888
28.91373332944669 99.26522380916711
121.36295089276636 99.8674525535252
83.44376575877301 121.24689019882251
171.75273456216445 77.41535281266113
5.591219113805157 144.30318341019984
54.33544670836954 79.90910768334984
88.1740628183088 1.7944733002885682
101.57500861241671 169.37249489080187
78.10070826764428 112.15127090656406
31.350599770797018 117.39130339676097
27.26002228716102 194.82068816741253
86.35674101597444 62.019751836929494
129.4385061902863 97.80959096232205
160.04964267610939 49.58307857177204
183.30739597855 187.7611363786701
144.15894566357827 73.42472257587727
25.677461689491345 106.56178836783938
164.77919737946934 72.79489105348955
40.777719119970676 29.237576038912305
95.55626013716545 90.73817257418371
162.00538249305575 35.97869556580022
9.258154073320824 170.45932392530113
55.25916568774836 72.10745004200585
124.07001935932294 192.16150246454816
75.70804046381237 168.69038192744816
175.28258465921957 139.66514395442707
31.103357259867416 18.68336528060881
57.020719571601994 17.805037097692722
33.858892648152136 103.30064585810791
122.69516711729302 64.95032827299528
110.98977635162912 199.06649287436252
120.69062478295064 97.24716073215221
65.35493375513501 37.681295614776246
197.81855934740435 159.87527951058743
67.9893803802728 86.8628000390504
194.4639756554444 164.15499266048468
107.11009914546163 107.60282129555183
92.02075394619975 140.90587465760092
128.1544624645956 100.26733917458508
10.158937830754367 132.96069760198637
106.71967115884327 147.09785755396067
62.87908013094536 106.66973995462139
99.85925558594879 107.24996174853835
44.85955850006316 114.81457254255551
134.75637736777185 67.76147847204237
152.07249918076414 91.98756724243582
10.045421952944222 150.51322106961413
70.2407751995038 38.93213829000197
151.8582138094247 89.61221505211591
129.1672808138553 170.20245509221405
198.73839985801894 185.08234958672807
41.22696929142406 22.717439148716224
80.06154755227723 94.69198665552241
105.51912436752862 54.42204224245888
39.60130250826668 193.75653573400587
1.190101579810121 173.80514431036354
166.5683087737038 7.987898104959523
150.6956794965891 18.11971544833493
184.4229459169811 166.16252457511692
174.4750659333816 157.81153205596178
8.129485585344254 31.85041756438265
155.69055704867486 190.94173500706168
30.369639328865716 148.02580912336728
167.12622788617415 150.49715708571102
38.00085611933404 45.51520705478402
42.1487192595207 44.64989529802506
162.71974402775615 119.950317827415
58.30015903077701 134.52014290375755
151.56361746672303 96.32525859951109
179.46137185568273 150.68240323875958
75.09942565554755 197.0411802505661
116.71786444305931 151.0562892085414
72.04170952326676 59.61722252400876
84.22228187794698 176.3686496416054
11.735086721612987 74.64970607571453
139.5559572333635 117.20992810256408
91.9149148771513 90.66718612080571
51.45175419190233 142.47751004354674
157.42015530830938 110.44606929776242
77.48279818866668 194.15583757797236
183.34699527479447 29.25675393419498
32.841708033427295 15.9970422258221
92.8569560270668 91.96108474306027
180.73077530975624 147.35627232090837
198.8147286897548 60.52210681002066
159.7785092677711 150.82327829617398
147.2240083457779 191.69797689673703
99.10751298097138 30.905478279559627
44.603045179856224 148.66425557939323
143.14700762865698 122.24406204967137
188.4994130450735 51.33568672060351
96.11161195800602 152.45613066036984
89.21178645313029 68.94014730517661
149.48436815976154 31.906160747779012
155.25401985220276 113.9334310938462
81.0924872418211 19.918134984690216
139.62108019745222 153.50490386225187
38.11372819816683 141.81418394575192
44.46439829633084 79.60842463822652
168.28750118779362 185.1353527314565
40.94682552214546 118.48813463815146
162.41806161495464 132.23948416754823
125.74175658471324 194.81396718821608
89.15026959607735 75.98496779611914
75.40945329011409 13.910273407460028
122.74728366073089 88.99075585411767
186.86964656887886 114.0388464883815
161.7703812464734 134.3357577394644
114.84286794559218 46.89738523727134
54.015754495328316 186.02886077281346
33.64869943583913 74.17300154953126
11.732190220712813 191.55894459634152
171.84026036404643 198.09878661315386
55.56407449575418 88.6535450877324
195.6207071811088 126.22270611536901
64.75049933388523 154.62694090292797
198.43771101813445 113.30463903680086
122.80370000132372 76.45049380582536
12.135312724516577 20.09185797903843
55.56878726957994 187.9570934437356
46.15532512998419 121.4876562057382
170.7161614527212 135.1613967632049
67.75240366776598 12.68631414392205
49.74315835959624 37.52180983612499
102.03074483055539 20.77348417863487
178.4372364232133 16.479600314258256
151.33912604706848 11.357685511857717
144.38046522365488 65.96638384397191
193.5352421504128 31.40091455239402
7.64412509804242 38.26824044371999
52.98865893032665 71.65602830162922
199.3588925358589 0.43831710569031124
63.0413506093993 85.16763383812042
96.64330687992569 33.22151367290074
20.103980669111078 95.7425915340236
130.6565447008849 133.30631890194408
74.19563115971903 147.88975449256515
42.54899259457687 161.67996660964778
169.4564898484971 91.7277136016682
165.0408804587427 42.55402346240977
15.623712924106115 180.40595754650838
40.53638072712749 77.02490230751803
2.352999466962258 16.136367689389264
199.40160826643867 162.14298588349675
7.310745466793178 82.1267144446716
141.7115995474045 41.154992452249495
117.85672144859569 40.22455199408319
163.6355268414649 188.21171877707286
156.26346578297606 140.96481303952797
84.25043168110102 104.72871980201477
178.74199518769612 169.60387789188485
172.0512030794083 123.27578444749992
149.25632369684206 138.50972596595227
162.2362106738715 127.70464324085447
16.72900091788567 175.909481349979
165.45274507078304 0.0717170102160436
198.92479660181473 125.96568772275374
15.342683188085626 125.34155116622318
182.07718625719377 99.40050117401348
95.07822398147749 159.78086804184036
190.14846992705912 169.8769302471305
196.51920720840397 66.67045489477077
22.8093830851811 145.5031162507972
131.5468133864678 9.151005042694504
161.7484940267882 9.62820315555508
35.90741155900821 190.38446380185158
131.43243067990892 161.32513881746527
29.38256842883975 198.6436936895652
47.60560049109874 48.28240141509761
180.6387009687144 2.8335862227749864
41.094027254979395 186.1031227533939
62.74713820023974 145.30354255842215
84.06890074386544 193.82152942595036
80.20288839221206 77.36641396716841
65.83015208705231 136.51342442586616
112.41683406610645 5.167164927653811
63.738484715866875 51.97353330538752
51.79679185486732 3.384206802077938
119.87700771091016 16.852649041436997
55.22558075034918 139.35512273867295
141.6309930689683 193.71291502991525
101.22560971281187 110.46294432277945
179.94407087393435 55.141741962993066
112.12578774565749 14.422543740206484
157.66681096432293 155.86725528809578
96.30794034969634 34.333545079636465
27.99015614602236 122.77841127879938
25.168771539459712 155.93337033347598
30.1119848940705 95.36607254501148
129.45710900085513 91.76175120105525
75.94343298872617 188.21094700154737
135.04716045888495 79.11395355916449
89.33004868948335 74.32726473263531
37.95943526614005 166.73770833896785
21.37536454389881 2.1829873330444727
72.21887776303724 86.38985774947896
8.843323953446713 29.544429343926915
136.38224362841004 39.12092266366884
5.833372266911319 2.3939775882160452
199.11457937700158 80.32006920195269
157.1147956468006 113.95498221316973
189.40582062693804 31.86525156006872
141.31185721877316 113.76603905798652
27.71535616835532 51.26281480789514
42.778459927660165 67.74995098094149
192.02206314969916 87.16190072004193
127.14384723055912 163.7282342174998
61.60796115539853 44.54379514097428
166.8910113400698 76.8573925331759
106.45236302358016 58.65315201203756
21.510465547483193 154.60360441139164
34.11168680128252 98.59264965356822
45.87657652261103 152.81278509451062
56.33753382557658 114.64459562542429
11.623465698001878 125.94572728969308
192.6332505508227 159.43602139586866
14.68709063623075 21.616840863910134
1.5426557134229135 106.34740063275319
97.01545253686939 158.52964983315846
75.83592067631268 122.66719218501866
116.40769764757026 56.11286631531796
191.38460877017044 1.551732709396303
92.61995839656572 43.69688560893075
62.734309426993626 106.66084326144983
125.62294368766516 157.73912432039128
116.15395171989171 132.31486618216908
29.37188065093663 86.500627856962
111.22820764867241 8.467502901020296
187.52665162330072 198.26706375558916
20.999760438769854 78.21922598384275
118.37607040445077 152.90374435310105
174.2359032613414 74.32368001439342
163.62631903829103 10.282190728471363
40.831527053636485 47.868622257556595
156.98835914939332 14.416868895856872
168.74001475013878 131.9209217471739
58.608628454657705 3.3426444108560105
97.81939901697592 177.44825438054892
127.19073505388945 133.69480755928691
88.03016468246938 85.30913234673889
57.56686053304303 172.5528440040739
89.96482412828513 27.600409325453825
18.763004430190545 42.10506847044555
73.18554430094697 195.5375546948428
122.68393883113733 174.06061590522253
185.23282488795695 12.239931989171193
141.77565368131735 161.42581833046452
67.32082509060677 120.50393263534043
85.23651427528831 63.741043538200095
19.84181219973362 82.37340900539729
95.86303068255202 67.43731867263416
7.1942683998745816 40.06841477110699
171.14705930788853 119.09890780604574
109.52602895461223 130.02966774203196
185.69537524339793 60.9643732110992
142.24842689948363 70.94929799245331
167.58927098531942 75.078513221267
93.01941969025071 107.02401008212894
144.37263690781302 53.616539199820835
24.638716812706775 73.84607708489959
148.29581324879703 15.35982896286383
86.16977535084646 86.54202458976556
84.85831319432313 100.47252209021731
151.65735563807624 97.57140839468452
7.855563882222394 75.60830564539008
136.9561967156067 14.829949015776966
3.194453514094997 56.73601789300642
42.082219976005696 12.162961394476191
22.863129200771937 127.18315702379914
185.03119206167608 88.71025866756506
37.049337037688936 190.1612136010704
175.36636664992864 44.29162439216405
173.99505631130756 155.91149670220997
135.5413293177679 161.11465751868087
90.35693906879816 67.36546274349516
107.42844516311634 113.74341134915866
100.27035421179143 98.43518994653017
76.43566309025425 92.85377245525328
187.58547989708106 71.22620520205555
190.60142998852248 161.29763470746562
9.319638355846038 76.24764547891267
76.57173418397714 0.42318872049744716
115.98541237413242 52.917130238332135
165.9684195632427 167.09595634585554
167.31346427042124 43.50042635420179
104.45795218072551 174.8519618373011
182.6892710683209 48.7956818165058
82.42031014801017 15.91170441327694
162.62685890196286 191.30232711965505
47.2309207847393 116.53371380922586
171.9490846166756 124.50221815031458
105.1770018618575 157.02848234980507
116.63527410846075 148.08662631868802
188.6532924380459 34.20247379453296
48.86557158171969 103.52854896792248
45.01200083547536 65.03955267570308
56.71450678934868 105.09831233817111
199.9424801690007 117.6948794478078
39.44548684266065 67.40189060543264
29.19713476038637 2.5773081568503997
99.21578565767763 103.62218079849983
151.08676856653818 40.07072535759764
116.14900596414269 63.679676754367655
163.99190805738706 63.81222259679351
129.47525401493743 29.692887046487314
26.53715228369864 139.36504916123485
0.8376722928183034 126.14871512487096
34.53449585895074 166.56348002684985
49.228558199763285 0.045971982406078915
123.04875945181153 170.8884762928808
83.31294834854268 97.16273810976037
19.316765212755737 77.16033134402547
135.6249525064161 25.310177982292515
125.34489312533962 17.259185651330643
31.036853408451172 121.52197314848738
153.81144250816763 30.02065674006229
139.98190804916786 195.70807771264026
176.1986581346192 126.35342547096559
79.78211685981258 117.42958076415246
170.08802240015862 57.19789822328474
137.5862629528936 118.76060714771721
170.14089739959957 80.89407378257948
125.67747656053187 79.32481123585882
99.08297729469315 53.33288143717656
119.14831205878902 1.816340561694374
152.41539656624406 161.83510865253857
29.829182842498604 174.04508650332488
53.20413882711135 113.5887947998506
30.420752424036834 65.78244826991713
111.8024879233394 55.56540289615708
172.6186222288593 166.7349862819816
94.16749841057268 110.57305827309041
95.50095040853441 171.6000090694352
53.889309708247055 97.51699360201755
118.98853243548804 8.516849748958833
30.966602729850123 75.753431837503
191.8043920452913 125.2777956324141
100.22409610662719 116.5903565511488
193.639351331067 126.11889301853805
49.48132522820441 100.33724734217826
35.32939604705456 24.37376434306886
26.695399218333215 98.38972425943628
24.394480843001197 100.47123343673927
153.62148355374188 29.423189197284884
110.71525774886462 180.57278363153054
148.2869973612685 176.16483558710655
18.105540079987392 33.04016253251192
33.72827729126095 197.33126236080975
188.47630285219356 69.20811637182169
15.819364724964347 117.32774949538663
49.40170132052217 61.132069689973136
165.788512531632 192.11796984511753
38.30006538915078 167.51481192745587
61.308959658255425 55.21749616043656
111.99247386735279 167.93037799628513
12.419323860170351 5.807943156109263
68.90852850131198 81.25444045161767
153.84964742530104 187.24874907181254
95.83665013582451 109.54697239175695
180.41833486655483 88.27301346325427
151.88020595354027 2.4928264113166065
88.12710180050271 18.85363333989376
125.12282842430152 42.006214730803414
66.12257059729126 138.65343500641018
148.40045831839305 128.3596662935361
25.815682133269704 171.99732865116982
18.858032631154174 175.12159444019244
80.44175059421215 133.08081406666724
93.33577354337925 110.54773236832634
144.13543148555962 60.98153586308297
75.74674295428454 114.61507688233476
105.27889342347503 77.41275609594997
61.66581125652777 102.39952109267357
57.021510938658 0.8530616982030503
183.22050193653027 93.89640242825281
192.560651153679 55.041554571477505
158.18564663599125 114.3723324227405
108.74395034074283 130.83181826992174
33.458744585448216 32.81330526130719
18.679422312687223 145.84697080702892
155.7595572810862 32.38115296371271
140.95478104060862 186.7759898350448
140.8965313356951 158.8685793025563
56.71951492597811 6.65400953653339
67.99977430891037 87.20120475698978
190.99199711687763 46.73252779378636
110.55161786945622 17.74046248906622
30.02227452097972 96.98498353633835
94.2074579808728 190.71464156885577
85.20978517574886 153.21827694652595
156.50633256374346 179.22042819695673
56.92582384540115 120.56158407937474
48.328511520926234 198.92030919552107
166.23684164182887 190.7628684705143
194.19416303286212 172.97068808945306
195.0216664765073 184.56321335493047
1.0292144384327129 159.0189675956195
156.31141926653032 86.82000466413882
195.22165004243902 75.60830792616066
186.8909688274534 94.46214104840496
155.94240658265144 161.72598553267852
57.523527685008126 18.031765399952082
28.586253296831842 124.94929990206442
89.1100188331647 116.68519568168428
119.12302354860435 169.34489152078186
33.70430952907524 191.44935775939382
54.290199305055275 149.48400152082985
14.71799707082928 145.29016844845583
181.09338790782297 2.6269862492097396
85.29520772666521 76.14494828308631
195.99869727474837 142.28331311292018
84.58391650110649 166.9970094563669
109.35957433250796 79.66940579620005
154.76440126459167 153.0203784490255
196.2265569629145 63.44406850523843
72.30380929980527 67.36867311781577
156.34522831515903 133.05874916457586
10.494845289139821 21.1525180515169
76.29716543659222 84.81383434125146
91.20642961975307 94.1827953696513
44.62299094751583 96.65267494762193
5.318650639892475 188.08756271734444
183.26378082264415 31.474281925604373
72.30857238018942 172.39588132155708
189.73516798602532 7.22557168105189
99.84004199696514 79.87914774051923
58.50222085279333 56.24976912575104
18.25677569624411 169.18958800282547
108.5988845980319 23.790198945407504
153.79827581165156 196.0716883756357
62.75963916760104 125.39484984043052
5.3892310147916955 64.86165963595208
77.09950290372541 90.84254837515256
21.19890708320453 34.90580632078204
114.04561149303913 169.02694008451624
140.3906828348965 138.15123630128184
95.09423513551631 170.63277839635808
128.03569224155888 58.503912461829174
103.39169634957766 62.470958159432776
144.45576288027618 90.32911640442643
188.88735679634465 85.4534042792236
196.13163254495257 68.23815100663775
35.68193482648285 131.0241821211814
163.74343840067684 44.019629152599606
20.216993860789543 121.9365607503993
164.0643522299992 20.761610063636727
154.5200181306604 18.383969554058588
39.257557538101054 71.62182562078377
61.087421033487566 105.14070628273673
129.8446896211554 198.11951375250575
50.42475266206172 118.68915536289796
83.94073643966485 63.738091838927716
192.07346286233982 14.702276580959396
22.291831562441388 102.85876672723784
47.54318447334229 51.943918542260946
168.20951871436597 179.40324898747446
102.15969628180987 148.08090503381882
11.065050184598224 36.78090089210975
100.86589605571696 41.58412144371242
91.2340861183101 103.05764166401539
44.815227553444714 177.55874531027715
106.88912602602404 113.62052881089566
130.37272660709388 134.70609926694274
105.37251434959704 138.4309237708255
28.09749138964348 118.75504098680906
81.1356627022726 76.79094260837745
121.8767257543457 49.215828164313336
11.303209411583136 171.52712617735915
73.51011847340865 38.55769494057269
72.39786173205107 56.36806320749144
47.442231263423594 183.80859138884125
126.32915331626431 187.1834528331095
34.736429332288154 104.77871295780568
20.721982658109827 88.02159265975182
44.02407548100449 149.34034343267035
165.01147796173214 38.478632991302874
127.29291787793287 56.86421686539389
93.16512300226549 35.98496496088006
46.96679519615468 167.08571183177511
38.7078345560174 63.08632861329566
60.164527798981716 127.09621322835628
54.80558046779247 50.109091611687305
69.52502562051446 5.492715120689562
168.56469010123024 106.19113330582697
108.87002071262874 70.45291224902968
72.15072391732956 135.274795317274
159.4692727225399 176.97679446217936
171.6298860112238 120.61549455950514
127.43051752202268 112.88116285562322
62.762851830625664 172.2201271968069
169.9977429614416 121.15770531803611
9.254320958889629 5.147286301477538
162.10269199335846 7.513319966595278
15.712031920249036 124.50133481539049
8.861635324621965 43.393328368370085
12.990615682637795 8.612892545339834
64.2756676470836 62.85486031034273
73.22364701433655 55.83062232227609
125.72771569237324 55.68589840303293
38.294342907688076 114.36035838386802
134.04045753897623 67.24036430741182
105.89814206485875 8.798019338524998
139.30188638801323 28.609508033269737
84.06042716356757 178.67076348401972
160.54315638965824 18.99276435021133
12.989056418839429 149.9890908257241
32.97134220920081 71.14331504382294
189.12251444329212 188.48869915667578
54.03943787342405 87.07548349738903
119.18467526305479 175.95415824954094
92.1826131592379 122.41008857637061
191.92975411919127 93.31361441395312
97.9099911094037 43.02937277441077
163.09128437276632 78.54164479278462
104.85912276813096 124.56760794530935
157.65351776943294 168.5894868951609
127.7128754386226 109.7145798409614
50.72891323745867 101.82544465426506
180.6264267904169 141.10986881964388
95.9297699834414 187.88321478830684
76.64920257329253 143.63163211318027
115.76765190671779 129.40327229791336
8.14582042469465 39.57037718707841
129.79471792203393 100.22934345755812
113.72555582318343 4.575388873654829
178.05375303936023 8.082372485554279
66.53356799063815 108.39506542044592
170.63553919367183 20.636912729947298
183.1395661235463 117.96777718971725
83.80015633829277 78.02352971897078
16.03838883908386 144.59903987781834
46.07220212011771 101.4713673561405
51.258989634844944 51.215176585454046
13.138867264059261 56.48718725766733
2.5879691619390632 49.36648983345393
165.43574103193063 49.63851864438533
75.26867190586061 71.79340583354686
30.193863413644962 67.09561377504367
179.0884439886061 16.30633112932518
170.8489820112441 95.89526600947815
198.0194969790454 126.62143611738419
169.82841535838574 40.900738514267054
114.77565521316993 143.63758390840235
138.19294306799122 110.94803768081513
129.0351661524448 183.04663802917176
46.79705133146375 124.70669391436905
75.69436373713745 155.92172525615945
96.74617866887544 0.6603365135423589
163.90669332913768 44.396450969389974
46.26399645229438 66.10820477353418
40.24137018428797 11.81763281624686
163.29188967339846 6.870918001374626
83.77650630348829 127.85615875206746
147.12064428245466 25.293541859515244
134.65141635026413 110.86557788317029
84.24878579426718 114.12272259274339
155.13786815356926 29.01542343193806
125.90894910168453 43.568282825829144
10.132055530148154 37.816669569829784
12.292703541322659 130.7129489485614
25.884774088218233 165.6928506127286
162.29226595221417 117.86443311254598
66.48491621588855 38.23987273069272
128.80446135353446 51.18024144843689
160.34260667865422 12.364945864714038
0.12634869988397135 117.42421681233728
167.43218446838893 67.68389874929173
143.57339991659268 180.30147118909275
114.78094569789394 50.866647492876304
95.58280173545135 197.87902039029728
55.06006303658537 54.647826903182576
102.26143534753717 138.52086306157082
163.8364779126272 65.03331428065371
60.76238221982333 92.15484785937767
145.95287297653763 31.070855661231377
67.04893285537503 142.50601781049613
182.7743528081605 65.51045916477676
48.267300949497006 149.71203970577852
123.27710091811572 33.06794216510775
61.982563259760994 15.092471426183884
55.15630416796331 12.244738307089076
1.4053713906002407 47.004317447157874
153.24932229916195 120.67547813145714
19.522570461701715 145.88948239584226
36.94249370094336 194.71212623980523
110.60951222524041 55.322892118327886
71.32809112584711 172.20160703865665
133.15669160117216 12.92950867428977
91.42145321260853 88.3125846346756
78.10651211416382 112.78777310035333
146.99069056824624 37.023987614576924
11.264166347257841 27.374256510988502
141.23460744363044 135.4626656390452
164.4569269888425 33.318236812394055
13.32445892790557 55.57579696732067
158.0791374303228 52.56770150658354
52.20497179567158 73.80394483146611
131.83571908137395 31.972599073566933
31.16313969188782 51.33062226936027
62.40270147222755 187.83602360448685
154.46772000473717 182.6027702159097
24.523354736287995 136.25089528466683
96.62239359827653 96.89245539201737
159.83232291314218 6.193423507831253
30.138748048690232 77.50729878497098
182.4923509915379 77.98882318748946
90.15695602527877 30.996408080573335
103.14369120550838 10.931434758279668
20.874849325272926 69.75788666823016
102.83045949344465 106.67786061408468
186.25702421786525 179.56241274634962
82.7351795714371 43.34262141438834
75.91652116482967 49.86447964275547
71.69314152266004 106.91530109584055
151.81285136738717 121.67064621073315
65.7969085435131 75.64327635579788
123.2326342391703 8.514546461650552
61.31487845444559 73.8011407488548
162.2945070850001 148.263188409583
179.92939892607447 116.49996946314671
199.11053640986407 128.88731326320752
40.0700171390475 49.65699204409586
153.97820853044243 196.7112092592291
3.7519055229659815 182.87013502352278
116.72589533777682 33.40507049594268
98.34983473174266 23.08570585364482
60.97271020187307 61.13241204749229
164.539111647706 75.20088720460993
19.56740058559192 22.257785130534447
138.35510090613602 192.0010325034534
92.72587900219268 32.95907508627967
40.31750760763049 32.60653556048256
183.14277096226274 168.34827670602346
131.92471898497215 32.403058493642334
175.30327219282674 112.0386548856586
168.69751919605866 199.54722782123653
7.008923069352746 120.10465381029118
105.70596911875292 16.058138909174357
192.37656947610066 145.1838251154445
48.82663383445267 44.63270598671818
145.96137976857443 4.7512459653397565
3.0035166979258454 174.92379194958113
112.5946297351782 38.90639411137722
137.3124184603696 161.8519129344314
23.309317489203973 143.20458738994537
32.920228021589516 140.00155678421902
118.09825718913164 3.0731614315729017
98.80232453048572 132.7833215794007
15.026829261161545 117.52312368494185
188.27737809580097 191.9146545873754
140.18177124720944 174.44634185389896
60.71179775168849 124.85990142759414
120.34536538481106 58.272735466225065
187.01630110637748 49.70633036483463
43.22565218364147 102.4150056283224
31.164745208119783 125.43095271926161
178.92066267813348 112.84617522611009
102.86364880191081 45.69359802090691
184.5439506246305 13.403990140702128
165.30079847204672 165.78163326407662
175.5826351000111 198.1079993572061
103.37284075655475 149.70705656308186
126.77013299116892 134.7298244562282
87.26530011417921 199.16128952075914
56.22763270773905 95.70064674453005
11.549545381129533 56.49446901654378
29.04303489777309 136.90909242416606
140.5679741644592 6.723351324125382
182.09373270182004 161.09015283874942
93.68413947539618 101.86987562349033
38.714199181540906 15.89780582565712
70.71367302397928 109.45959751308685
150.21318278841434 124.65036853895504
20.841524150037905 85.97846499062084
42.49775147301331 109.24724849843872
37.8984277404488 164.4678905398952
25.586292598442228 14.396831361917162
125.6851269446243 191.93279840097836
29.837985470885386 41.48150251993903
56.96443770912521 105.22453437099016
106.70247571946958 110.06384341363471
162.28168996885327 183.506913426522
97.96653654487639 81.4228358991725
167.71792672439597 42.185173812972884
87.34574508089952 63.39743173448629
127.77092947969768 154.59752687259794
35.638849761742144 176.96594970397626
156.28798878227116 56.92896348223599
75.32543357228126 24.513271649599933
147.76136055192336 164.44880150320083
156.90948922749078 33.62968053668594
170.58088741917592 193.42717984517347
130.6609882446859 24.25826517624119
153.84147827664165 173.01660935346766
1.0363846792435183 65.35550580828394
77.72154688814115 25.69525114254081
174.24816769467023 172.86840772512656
140.9753878852666 198.95557979361203
13.511627648396551 57.360867242898664
34.72948570178007 70.17634119736104
140.64351409747886 104.16539902702569
16.116367069329772 62.18350470442242
83.53267167895362 157.82880899452925
31.476843256913977 89.10709264526464
185.79932385269777 121.72056707765029
128.29683452255858 27.413269481042168
188.35677238460346 52.92499464582412
89.38380085688149 132.76829655665173
37.993767493127194 99.30711967259907
73.05054073150967 107.09742779688342
193.64452622747623 101.43723158656235
126.99625993941817 68.20634632484189
1.9381403078183146 72.79688139636681
53.363909483077144 97.92110434369006
19.875768408749607 28.145339301587068
43.21540783422533 47.214149949803684
182.5482120216671 13.333012298419543
88.53220435822011 51.847498201234664
30.47242247292774 45.881011613831
158.55608963123646 103.27201930933786
110.03948678070739 159.4830352845979
163.26655519100677 126.2430392914288
28.626570067397374 183.66979116404275
100.27774689522013 165.79977963441036
42.41320818608592 186.74339465107667
5.918825862697563 112.98551325612878
7.597464667989962 42.66084858765493
20.403060464495116 14.5168961207659
61.33728771738307 34.103279377793825
58.79674654482574 83.40579670660698
101.38355376723787 179.7422724203613
104.93767069423939 153.69767020382255
197.53795698732995 26.509236392020675
128.26107339426133 133.50430826630287
30.088696767341716 40.272362186484244
113.04490641567979 126.10345129795554
126.65237382961718 65.60520202348495
66.767803780464 59.370596449191204
176.3279071569045 24.13872395922496
65.330338032736 51.75777504093422
127.54011790124625 30.341882990198776
156.97897219137508 52.807125960500414
78.31004845898303 137.7885625116862
177.0966270681141 65.26826891636036
146.3377825898632 10.204209177909785
169.53212970303596 98.46350357354801
66.98707819544494 103.31902772680306
23.26163855090142 21.008436982215663
23.442178274228187 125.9284082490606
13.942427335725526 181.30122146731375
37.625279984322276 110.8417937765972
172.19941493481755 45.66934859330259
62.230626276957764 187.15273264699513
42.844888503014154 142.56545528446796
36.797900123115944 111.33361031733915
24.89466388436936 199.45429231815513
78.65084831799314 135.09584518759883
106.27812106566488 90.06845576780506
62.71191287059563 66.90198492604497
155.6182228324698 4.20323341728992
46.28423273856983 2.496091440153436
84.20853455724713 126.15521763904087
166.6281358181663 164.27483877579735
11.490789650150536 140.1174786242072
48.170024571097784 175.1459222142431
100.50582579409364 178.645170113681
116.62628343082406 182.92222108852104
52.9026107573193 164.82057698195916
96.84355681118024 66.84186394579442
89.22758468967011 73.69970335231395
94.72515296989137 175.9695248043623
77.93969968570973 187.85509334704437
30.551746109850384 160.35648437530517
13.86407594857264 66.51287053311617
180.94271827539745 159.22238504694343
56.61379380001539 68.21908292198677
185.40309457095933 165.00028332348626
176.5803819340871 81.75759852085025
121.02759598493391 65.12972209012618
152.84259805772763 28.810082296869012
70.3157700446067 167.21816897426956
43.479838318024974 122.87764533033712
188.37212790704865 110.28791690491921
185.78473970508966 89.12691451312809
116.7713291578394 97.60417232097447
10.983753977636956 171.59084223542717
174.2952262796285 66.86974017967624
44.50842024927291 90.02224927140803
174.86867382093948 90.68018232572213
181.26185470619262 129.96125349769025
182.47631069677587 121.00423940012088
38.39701195877851 8.92830180749895
24.301976138092307 74.44452177265578
142.90273626429877 109.71904586285532
146.69360991133925 11.123205719497587
27.225872263725126 26.839511065951815
54.44100687983722 34.266596302523396
54.00870660303394 23.473420809852374
1.7325184712348785 20.106245559471958
35.69622079750998 127.78492476191265
120.07148834162591 62.94123411376902
141.34539024756128 116.02446805255984
164.04973514583284 101.42254608052679
139.03425085078467 164.76887712471887
171.882826651852 111.40606490406604
79.27449714784431 37.340410005655485
196.35193813031748 97.33887450439119
115.96174414922461 54.866673758556004
111.18705229568766 67.05303092813126
139.59291947255153 171.85188588280027
103.60268370775844 96.97240495881287
161.8247453297329 82.25680646981321
136.46519649280174 33.06353379520031
95.58270343489713 134.9879464856039
16.645667286106345 102.24179703139573
198.3882880314888 6.649927809422951
130.06961152842123 109.5716081982277
135.1957180730168 0.6553798650620557
103.49195564776765 23.038622897225093
178.0625239519599 157.55318329688234
182.48048236145772 36.777521495550246
15.993116641165761 29.749459600510452
101.97252401125012 22.834937910451814
42.56523494459428 30.70545606998185
40.16162215269272 67.98516674693138
14.813105752277123 166.38336103508132
157.1646599759354 152.55973713881582
79.887564612048 198.08778751664317
99.66016681704784 167.65549282300074
165.77784105151116 140.254372135341
193.1645310742517 199.1792316279103
3.8462676235301307 149.52730058943357
52.73398209714022 55.007837042929175
34.43214675354176 180.8034343659858
154.43877090366647 124.0842904538794
0.849544607165198 107.09622343553488
186.91087940805627 107.19981596372914
197.86927759433595 177.3824208794854
190.62419528060926 128.690096906512
133.8151947051759 31.28988827729642
3.890109925378149 127.13843284674641
17.20236764549581 118.33403396051006
90.75833557566055 119.58164049669995
72.48669163253956 158.85288416274614
144.6738625357653 154.93901458421377
197.10873362482954 31.81997526557172
71.0383642556887 32.01865690705965
38.90826757697805 114.40518803665039
175.70820006861618 42.202862702141445
34.75745711564082 103.15098586394025
155.32269244226762 178.47257790463024
106.23023972203978 163.60616684672792
150.7849110045089 42.26135776132012
70.28340107014337 74.40343252714182
112.5130063617221 177.96426769253273
20.924664370754797 172.13911081012162
118.06790654183352 10.095614312991907
67.89993879781207 153.72619953466534
84.86849143897201 26.875563521156607
138.17576802940164 158.0224445047254
98.51782008410433 130.02718783336576
68.05501377069973 72.23010360370488
40.007395686841484 164.14809040541036
184.45435425768062 147.57778628710025
87.60591561946389 164.6714854269107
124.55382203289986 46.05722458500421
67.56139680279551 163.99050511783076
158.59965092329318 70.29115510542618
2.462821742579857 94.07359948868755
84.8320043819512 14.964336531150613
156.06320413601273 106.94095221822361
153.21006714373468 9.993057812039163
112.18909795692453 184.0861946178908
177.96725683307605 154.78568778046252
149.9986463762924 132.21096326117555
14.347869715785722 19.397921565875897
161.09541736238825 152.58374959762898
19.43399327109352 19.555213463107222
21.373915284834034 183.12198668424318
126.34094920845078 172.55558806012004
108.79546659674446 127.38154338472967
12.50365177335473 183.45949935306783
106.19412647570408 87.78188082568239
165.70882656229148 139.6806577600154
94.63073440928733 9.547133716456301
133.36261970874074 82.98041476767317
25.43543731687472 74.34169090181312
122.11029291823014 70.49773122984155
162.04731345953647 44.36772999900229
21.345425467466384 61.206128397921034
13.789657232210573 173.32160543018858
23.543372602099755 188.4580888362609
164.6403201622424 29.50633309003956
154.94778909443875 80.44430107346389
12.738392892497652 143.1069580395094
21.147735149269042 80.58298715873971
105.30297787588677 51.71966253162663
110.4696875919573 15.981198367242744
134.21199375227178 23.81835560310148
169.26302881580287 164.2118017964628
75.58814505875881 142.72620603449292
52.88695000232906 26.729460775195136
28.225851401194845 60.484384689860285
19.690425395190037 148.53654023943236
60.21365357461779 136.80199936986492
64.37165437288593 35.90257790445812
83.93084472143562 43.38378417928905
52.18667976538931 160.87559279536893
139.17836246733458 65.23640095064611
53.744370566965486 153.48886122675364
175.21008633170453 185.4223897156261
167.39014855960633 121.98220594733635
194.36367437619666 111.49726094759447
164.0050973986846 156.21720497110448
108.85099500612819 46.83994121220769
12.74264877864384 43.673309636399196
18.669860224249636 146.4415909878365
142.14997282286305 164.97778021594382
33.02463659237485 189.80510014104865
134.80942245360356 18.095128411330453
103.73809891572125 137.82142846404895
34.61057199223432 131.37040910880998
116.81249929485689 77.59810455847895
105.85659081918183 89.274272323995
129.95964538232062 51.36220921179091
85.39391674921795 137.67590355590553
12.602449760971757 61.71036315788092
105.80441937836005 57.50533996272422
68.31797547877262 48.632961082461044
90.10402043757195 16.875301147002418
180.49349961946382 19.319500215836506
198.63388057219402 18.282730396650916
154.6465168563363 119.74065346691079
24.7850051766044 75.8030945761654
121.6015094409465 165.88428729993794
41.439535545855534 90.53679504479591
130.8325121123832 124.56273016103823
100.99274793396535 166.61516638940356
42.105167183324596 184.78494260852295
92.77925671900881 6.869979203422849
50.99004326677608 43.958366988924325
126.29629305568957 129.29177416092656
38.77477500242008 3.940516633015445
195.84502030732367 122.01765066000485
184.9428354234019 31.964944131356464
134.53672336270785 64.67226042557958
77.47526046982833 32.90263228367078
91.69066343872613 180.39334833852521
110.14949298843825 111.33470646673351
130.76607471123992 172.19633216767926
186.92568910273647 30.01202478881013
199.32542649377737 122.25453411941383
48.744868237658025 93.23651849915626
11.851682897660588 23.245805612197557
38.02457460346227 54.671417862012575
51.22671265927394 169.20317509044202
138.24639180888394 43.47524893257868
178.987947914948 194.36607514881942
173.0518702337618 127.770730596345
46.921042244929055 93.85050689855304
35.11631788703396 157.2440689964434
125.49734629478802 84.99691464441817
72.31971228031888 14.010176378585392
94.78655395687916 66.36170259624828
118.14146119922206 22.24214522316361
165.81128762943365 92.26626112591441
39.71243665977604 186.64944017021574
108.69358631517724 197.10533742772068
69.62787787615787 3.112822680659977
118.42331920681607 60.5731506068663
39.417127170160036 14.500644693238085
142.3172760137095 103.81763113384339
59.18351304111804 8.445059688194823
32.40470938469067 35.94385390637838
23.867725258865804 95.49814426401912
73.4512724785152 110.09682581418141
57.871229092657785 151.09982784016017
147.47099573276898 180.95076689297613
117.45609436359514 97.15236117050783
107.0241859907617 170.94791380776348
17.32865107033095 130.77061975726772
49.468080255367596 183.1421928843252
91.58408723960629 61.3969958021666
123.80988849383692 25.43601002728597
67.08098804778209 198.24688294539925
67.1203782814245 121.42850933652494
134.08751913924354 2.295938949838816
10.541252033610071 9.589116842239221
199.50514018679903 49.87174498071023
111.56942297904358 25.068927341691527
70.32516218626648 79.93818139283493
80.25358272931375 91.80225573654386
32.82595952717817 158.20352995195495
148.66770250279188 17.103679812487925
47.30449673932537 106.32984580892344
178.37094219906245 18.895972059050226
199.26044883316737 36.08533693920675
10.718560072682525 148.6104867140591
13.143104974473685 163.58202171688586
179.05171432850884 9.288375371185476
173.1897713795214 117.40969411098648
34.85040210762524 103.89755453785965
111.19973352896058 6.057915842859152
23.85443617967391 85.3863356469
178.14246026351415 73.44597711337815
85.27870086431082 165.59064819509192
192.3887337196921 88.19439561289664
26.10268782040006 134.53827641592738
126.9819884964026 158.02829385850634
1.745197424603373 149.4076367362553
147.1748842099866 172.60953594551444
146.88366608740617 180.78480676647143
69.2067636647322 138.8499467461521
16.360828822461105 71.59829833398979
85.18881480190234 57.18968838069327
41.546716836155205 85.5488582299324
38.93621482408163 133.4216674907467
112.39812115184034 68.54677360007153
24.757082564258283 128.09294697451594
141.76132884284002 44.789464284850425
41.007445216272465 157.11647334655194
89.3454167801928 59.78195475306109
96.7689908811742 134.31733512310683
95.7456656601223 141.63524193911206
45.69275230991852 108.57997675604736
16.444958911060592 196.62439012135587
194.08292525713668 133.21839780658397
134.85662614014907 147.08188441996467
192.20355031315628 124.91583578600995
162.46997237176654 144.16910834881742
112.59374052021795 106.26299230120426
59.748342609496504 130.65221620510118
171.97427944759528 57.64591668024859
38.56046845322882 153.2721555694287
102.78897516793253 68.60471068610912
10.489802573495277 124.73666061412021
8.358062756901784 81.0505709081811
144.2988841091635 21.026252260300925
114.45760640298074 144.05818121770514
54.74852066408804 26.583401502536532
164.62579804881116 114.30229637434441
193.44000730798805 144.36422985900612
150.318476593122 156.55232424695757
5.235413132526112 45.64489800628113
23.84016253961898 3.3524448359429915
64.7319164245876 164.7835336416789
96.37972971203952 44.119899422104055
187.5701065359438 84.86042118501477
110.68138216885843 186.4841113285532
33.19075681329291 124.76787401833047
24.294853791816617 193.39008996840667
18.27239472088116 12.952551616532947
171.63087873020183 124.2171938023322
28.509719095843124 118.0440241724193
162.54656170560216 56.24311575515679
19.95001853063345 69.06456998531807
160.83884079278477 62.24749293077865
46.56878683240606 162.81892414868017
65.69892408629588 174.987559905203
16.05870278128123 143.27724415277152
40.60673943563871 72.76569891501761
97.27589279169071 113.1403885491747
60.19783114338031 37.461930634709105
34.53233731144911 133.11377411589592
123.4609351670855 184.93625486086137
144.25704743840492 44.31840020063624
92.25398504825849 132.56206219608632
54.32027266906048 26.652180834489037
41.140617836720054 87.59231529755094
7.037045105570194 154.1956505338127
143.20223456949432 143.5161714528394
68.2145461724318 67.02834510703997
135.51799328672777 83.38195854260766
55.80685533843888 153.64058606790175
68.52692732273873 51.77189106347002
17.970791998963833 51.42058678756529
42.1529785057712 149.10947046202836
97.92936795673303 81.87299287625771
149.4326371445084 31.375655392830094
184.02844728187716 136.69181439378286
35.75753532270449 193.9175623513658
144.35214970849702 193.25012842437718
137.45841108591426 69.01588069820532
83.487985100849 175.12299093566378
125.78530342928795 127.05669955793229
35.74184094561059 193.50200787938036
75.2745432104208 124.9963885432319
105.14580961961396 19.224569054441186
92.60134882482456 54.11589190509795
94.40457625630137 13.509936936769162
82.18063245499816 161.2344152289083
133.06958225416295 192.86756460273253
168.91563885906044 76.85174163127407
40.57439085639978 89.35216545947895
76.1950681037768 129.46469473033662
14.382578566258953 137.3300853695551
172.01169559529103 126.01656658459642
166.83197564207012 57.64096778498673
128.80534407650836 44.53346522366568
183.8649838045779 156.85179190169333
180.21612366227478 170.14463089821993
80.57494319203977 20.226551955224114
67.82025686710327 100.30899008682674
84.37768453743888 99.13479834263038
3.7837596823602215 37.071811457203616
88.49868030869281 102.29462121392005
27.23302075878149 180.97986080029375
145.43852602669608 73.75252042970489
191.48159444982525 77.33107653457434
193.78751242007098 153.50048103369323
174.312067946692 57.84419162458805
81.23542018716414 121.20170500702834
117.29885398903421 143.64538991056017
22.60557569816868 10.579802267294468
83.77226334193655 83.6102494871518
141.19227729313408 161.50134817346242
21.83647952338088 120.98499871259438
153.36739896163417 57.16896109489993
13.610443187386734 162.88745640676015
81.34804623125014 109.05551527537796
94.2153125507996 189.63716138770667
155.79561953508085 129.32210800432844
128.71179274679952 48.44968773203115
90.30351311382141 161.0197315232142
158.31589118671948 138.0086081726677
85.29459426726942 130.68651008263657
8.406833043223427 158.75572092344788
131.56710591651313 115.86187402711073
45.57006119820692 42.957857273619695
64.34968498523384 190.99804773583338
136.08033076931002 151.82336247806728
55.24128950798508 135.86995455018325
17.51861859896222 120.13160033211048
31.870624366222877 170.0552742232601
173.29646993289106 159.05757174540565
24.40003150677148 48.15844247648211
164.44320779048107 190.0160886791133
18.504905936927084 43.27599632738177
188.41716728419348 4.088831273678695
147.4530056304238 11.03451421936672
161.43136633073811 96.27366722360746
93.68552575120775 37.69373864617662
136.21267383541252 73.39112254650438
15.046444617291211 68.78627607355654
75.85147832113881 152.31187653104752
117.11952510934162 69.24782390257698
187.31302154582085 178.87379382489138
70.63837589376843 128.2586383451553
60.54888514680792 48.92392316870273
194.80014184182124 88.64738702049047
41.605095142661796 153.0271674872672
62.622615481548216 6.5945434253573465
106.50026050696574 75.57084915049947
125.88506539958881 152.45584091409498
39.489104019489886 43.22840430794914
149.05546435891307 108.72029799342032
47.17318476094117 121.93762888710162
179.12361284695714 108.21051130746966
94.46311284564513 19.504107603919763
147.25652440065923 128.3160946101455
146.52129721046225 156.33738802062288
166.70167703571616 72.1746208965103
140.91155777809973 80.30356091585577
122.85052790205488 4.108072361883663
102.52015105571415 33.06488254973101
14.249336287447601 163.3134805287713
104.27998086053239 177.03102439167523
23.87053966567445 36.01530867024296
42.1713041142338 166.20572758238436
26.166152194986392 193.5366291560459
165.6672215051674 166.3826204879464
168.84661085201398 139.75025079934161
35.35269760255293 129.4195290505949
151.17891331396163 130.99003691900458
75.35041659994543 3.058912480276099
11.009066201533324 65.15655751505459
63.58407649229545 159.54136822611173
182.79235899010027 175.6814709991919
160.6946693872211 76.62961664717176
199.39949928488227 199.44363506860418
58.37871028910371 56.88179578197345
131.22093205867625 163.81287170077997
3.68266845899361 44.34773302498767
179.26085305578667 126.58863880374413
128.24067976431445 129.72689059107216
63.4219800805728 141.48755511035316
194.08039995784594 144.71527012250152
126.40498456117044 179.0753282771097
33.55553304274892 11.485032151566976
7.148924355172825 26.651866539496094
19.28278613268255 63.24587503313397
184.77108912049516 165.6161263351905
18.405896319144777 38.134834391445935
130.65104242794362 33.149608071797275
181.85092494949964 55.91346600133325
18.096567299966825 83.8046430203301
61.199444523681535 162.0338333738586
106.5485216691999 77.78806924705894
155.0840420179817 84.14811107846445
25.4033879384274 83.20552961807452
20.74202488789996 122.50635033082588
77.56299621411333 157.68846592209061
22.137930310376007 169.78965386431813
70.74761548216148 142.5899288571178
34.43478166353336 95.57418891148959
9.752030834586755 160.6975461124156
111.80112188818174 127.37239893994459
120.40040751735432 165.85100833589505
169.3388888421505 57.78217802311565
24.94668385278953 68.46042747249095
3.418747444724124 84.26633492341638
121.98646138106896 196.6388614436162
184.8607428039322 47.23649048977221
1.7737138889621473 4.6732656662267225
0.286499272216556 84.15305293497933
138.0245936563598 68.38417116757982
26.539867620401946 53.37367599618892
144.22572741150154 97.06742117424845
28.00393767221849 180.194675108572
96.08066286902451 53.066292210365916
148.14165132925717 174.05606896468115
28.108802096775975 24.311787880536585
17.19519479968683 131.26003023155602
18.881805394625427 138.72304797393107
20.252050678827626 194.6641353584838
49.91651996012037 5.116312799986833
88.21683692093012 35.6645948269956
122.04975456355216 141.31759948138972
194.99871263303046 124.79953650866868
164.37287106257816 136.83237531079502
109.79874491561749 131.26876322438602
153.68883022060064 89.8497612813239
153.26896862270365 136.1842839709469
59.86685502913074 163.11042373099428
153.92629927601274 161.96625991615323
16.88058837660431 7.845197659422953
26.659099140097187 93.19247134373224
114.82708874184002 125.86397762289818
173.5334423858824 113.27901611683633
46.0874273838183 176.8186891917066
161.4559061365635 4.790010499607766
141.50828976107545 78.50776150127842
97.5816533955195 120.77149273378656
152.20679788324477 50.4494192722349
155.72285271856308 90.21608100155822
136.9987971587158 32.90427280788499
83.1327920495578 73.62954616733184
130.2024836560171 37.58965096142251
1.0230655302567726 86.97958582321172
50.165566483962884 31.16910969374851
31.704868308776078 150.56901242028937
34.269603783765376 126.09485443374481
164.2858697879141 154.9486924556798
22.78845007740131 21.052821250699914
58.66448507335305 99.72105770927003
82.43063371293242 47.36349680312728
181.38699987390902 53.889831122305054
134.69295933675397 90.52975129033034
21.633938124006956 118.1539733602812
92.30643088473134 152.62310114629082
16.110766113465402 65.24843252215373
28.156700037762363 29.928094154910866
35.57627429891066 180.1374508087523
41.37181245452821 77.29886026151664
95.00031779234834 83.16148314154874
103.73155898785886 132.35293518886385
19.448623720841397 157.7841039254601
64.67616650367174 90.52014228432964
122.41390370572623 13.804479821722438
197.15202000142264 42.15936299167067
170.5113519900379 20.820914987455485
159.33325137152445 92.80806000500745
126.20774109436084 63.553736211264855
75.1283382955314 116.67535429123687
109.5284008633026 91.1737579007551
34.77592566869283 29.389579936896837
29.505370623089313 167.78618026220522
54.543503999183976 153.61550571638622
81.9546306827522 26.438270184612954
89.81073957451639 146.90643168585095
138.33095052759802 176.34722374347115
85.34724679136554 145.884319221885
173.24437994100984 75.02103189251099
132.85960505103864 76.22063480823837
67.06235578309212 152.12393990941112
110.94393377130464 183.14533662808623
67.2514100504865 163.9652489198954
167.98156482381984 133.90622633790483
126.30216811253487 91.3724688764906
3.02334577084431 159.540573048408
115.98951147912402 113.69584954519884
101.43450891789642 68.94302498192131
143.8193177471579 195.05647921480997
164.77805228225395 0.39014391746523547
113.45463008013621 182.75047413868705
106.47138199544383 41.46651572428834
20.004807346737397 181.77848791796654
184.8370425390938 194.5511783108565
179.51106865868474 157.12570579605926
170.927288437994 154.51026727269323
38.168462518029855 100.51396795856171
46.66889138704005 191.6262875303869
65.60515001570688 24.800975080899445
79.41630226170456 84.14473043646021
143.884303822268 196.2509876451591
178.12493842438633 49.322009310882706
17.649115969991858 174.30498338070421
143.34701785651575 102.08994429946907
20.18402829977464 7.993078331746384
174.99785549266576 46.92428297397087
186.36249456610733 87.73213470547634
161.08020321920236 82.89161919813381
5.120178957610655 49.51885838062171
60.06779513238549 94.35990667368648
161.24840557240273 165.34056614575496
177.3211420749355 57.65490632046344
56.30466239422556 68.08427404094417
54.513104668848534 27.026945200146745
188.36537863693437 160.35822579236708
189.51405968780443 111.37067226086286
196.34706090478906 52.57826254583373
177.91972711787142 17.135743712960384
140.76488476909444 180.08370328735765
72.00660831154092 137.62363109337267
109.42081396453833 7.86054444888884
102.58517752114807 37.02448817502866
61.507726369953716 62.041447714412776
83.18977886561083 194.32733681061427
68.16086051193993 127.0767631027193
142.71033265178286 129.66746320698536
183.84352357144954 112.23891780280422
173.9603548272144 190.05652895925414
31.509306529550262 94.0723012079656
157.79095899940384 195.31563911396265
157.48591046993667 52.75228152945597
24.83271750866254 81.957762474314
183.79241775881053 15.105692046303876
89.66552346571635 67.8106719145628
176.1010565399327 76.29578467007889
89.63061090876829 86.08067863870663
56.762192180684764 177.9405391141242
96.72809089856496 135.51951866567583
199.39121748182612 146.66862583424148
176.9727878881735 123.54948611213645
98.84822769298249 162.92281739446065
16.82044596489858 112.18820568848788
103.02895564362689 160.35944099885592
29.242925794847462 30.287345942203615
199.84492237847465 4.00493244622977
15.909007363549698 55.067199807302636
0.8389260540990984 49.41815584735245
199.01330813930053 9.640365759839664
68.78236956122437 111.03928861493063
99.77980035721204 33.51484669116977
83.84345248212044 58.74452641225827
198.0346434292144 23.841687197759587
129.91193063313958 15.089967575033224
93.74774256033811 92.69140727464662
197.72760487557085 182.15405172490867
143.61552162839675 45.05219751589009
103.27537360600442 104.65936327291574
190.77751070826164 60.20518460901627
142.92178900072955 64.70275921369092
23.229152060757798 177.0576329005084
13.077041084920227 163.33795293670084
115.74746597293411 50.59162652786095
109.88670693140732 55.95036119906032
70.69180898461491 121.15475760298587
1.1460387727461274 128.3524307477631
28.68767616864778 45.63934629209856
171.21965990286745 157.91054259093576
163.33732636124455 195.54040915473632
34.32124545935091 105.91765400078556
166.858389033262 102.73281319967269
30.815592734717477 182.5597025012842
87.14282540156506 4.6718336546963
74.78165043699725 138.10425168876128
115.14663021811442 71.4051715416819
172.08182894965393 82.67838561049663
169.90626792422265 188.71203232126118
11.564766357305123 125.39990257772342
0.4413559031297476 36.2621123008791
19.543995651481126 19.396489359331515
35.37722061691744 113.79888332050241
117.39505256785026 145.60159970709395
81.70539475527761 3.618623351314376
118.88659417773069 1.5813876311883357
89.020081570191 146.49045843413447
87.06517565756747 100.12981316960278
54.704058624830076 123.84464335767598
113.76551975651662 106.29929862112047
15.326260793805346 75.42164550892171
84.46558945677891 172.43886911288422
163.0076833575631 189.29300719729935
145.8487461878893 5.718343071803567
134.4194657037747 34.355938994440535
48.46897904777101 24.466343059627917
35.55691287737333 42.5136360820362
80.61663997098893 5.154290203533685
57.16274721437418 43.49910132243797
42.426750062352326 38.045089492430506
108.60393881129498 181.04810303133837
19.536579317514757 139.68052696650838
198.4480422240972 190.1145358797558
166.85926270453047 163.2227951699389
121.43419297614375 70.03915288271621
51.40254654242356 30.320412029193044
48.10270115297999 88.9579796714917
158.09295691821504 142.96187743841406
5.3238690986532555 25.835011513164385
83.49420574425143 64.8930759360324
113.95513931343015 8.9279470151866
7.7885256861792485 141.01739406287444
41.92324956824252 36.638868354502605
86.39787480128034 10.945237436492539
7.7382535128992735 153.1881027768044
121.39136181494253 175.8722695943227
19.39898050295179 122.81162999155941
145.34108681172643 23.0273741582526
26.426222145081546 192.49743509745892
193.5515204494957 73.5064938859832
13.605965426861811 3.842277032061303
133.57940277419854 165.03230129569727
136.21861715274676 177.89323939311407
69.37618285590447 90.68583486879491
173.2152430466815 76.3512847282025
157.38810560165527 196.47604350093653
20.536631644863302 106.68684432788544
15.433478163861736 14.624492661597642
98.44369507301185 102.58220087901697
27.251819259515344 156.56197040194127
122.85322528922778 192.80050186537403
116.01919668238008 88.85355594139712
16.43631288495211 18.96037533899073
170.90480604314618 57.79944688632253
34.75701458482261 160.03634413021723
48.92842033653271 119.4901951647626
126.74126999934245 191.74874475525263
102.04491771180788 172.50101440438047
127.41919971097575 199.2574533625969
78.71310832476101 92.02880616999221
43.85540216764887 42.98205829425963
102.35079780476251 98.22836135938937
158.94329729955817 187.93547810752912
158.6098755643408 12.080325908821688
24.074423740498418 169.01618991366652
196.488193976302 176.9880176823822
6.8942152566130455 90.9596255660415
144.06025564429893 95.04333543264633
2.952827260053059 49.28084495352187
165.7761584843801 57.15580584524462
150.41870871197634 123.12922473902815
60.590210174484916 56.06408618144512
48.020573084363846 101.46606729141223
156.5238796391717 40.705442281299064
153.25689895922844 87.5564267026383
192.8133282381128 102.94511594394733
177.1277177732366 75.8191143419744
59.51686995560741 81.9881323784409
56.04178729553255 18.497020984122024
131.62181732979033 11.431211029623478
105.91213496349266 162.72727113428218
196.96749995476736 169.86140579475256
123.76218617609265 180.36987396667766
140.8605815070045 96.00759098877735
93.27324069099778 72.0632914625184
75.00882311206915 177.13163120898338
152.29910693549382 109.09370672832235
93.69445732627011 124.82283317336724
48.05955982259673 132.93429286243622
98.4746217369087 136.47992886287994
46.977180046006815 71.22074611404379
45.9179310121766 190.97161595338036
14.520081331623146 176.76990962604532
79.40469437291107 28.78013966329145
112.07550601033552 87.77865944788401
95.49685415163628 20.603064956338123
153.9064241376882 147.2694050177734
142.02182723406526 141.9185234709978
199.55896750033318 191.5086864004154
177.59077446324304 96.22736622999646
194.1656911634264 135.28519181954778
19.99502831686342 96.40310261167787
13.612656944407764 105.3063973670354
83.10344025913024 33.02553845248553
104.9936986560021 147.84828545404966
190.106322548092 127.61657297551213
2.22361631527761 43.44456079854828
170.91680290105177 87.4755004148303
73.68418386043514 185.53016318624034
93.51438401072167 168.63924058856395
89.27134181797574 162.95921905498213
66.12329848126296 159.10007458213062
93.19416999602008 133.8198855891581
142.3476472381144 5.969578829739475
92.39576486101771 142.4086672330743
104.84875176770423 39.14378180587477
104.54768045238787 147.11397664827433
125.4644403683733 165.70697109371048
120.80435567569023 21.835050783730246
137.72058546280834 115.21561960078981
140.95592156972748 123.4119084122385
105.32024155620351 185.39316995693383
3.4920688998970606 69.95021442285778
122.29296310617521 64.59191395453342
148.37967020464325 12.049399212837454
195.2711448903991 130.00690626741704
176.3513387363039 153.59285922730137
108.92636977375633 37.59267006411689
106.24579559124116 31.95861617943001
51.5298499090924 180.09871004261103
173.1882380614568 145.05744154147834
175.37305575663595 80.10598890625411
116.43350968416087 13.7059571982576
55.56536347033318 62.594916971383775
35.10996260059422 102.07884428368645
148.76927695189636 134.00607095679374
31.35790028364889 170.7223923985421
99.94189845796342 45.12044714115171
180.71398571910845 177.84756438840014
136.4815501298795 67.39320862898792
25.566375994648837 194.42803443976666
43.66562836323673 51.51900172431676
154.51598961728365 178.11315105965704
198.0286928500843 9.618305501377433
154.74597886604857 179.72714591840668
168.12378440133443 30.432238747626595
92.43569053389425 19.4449431088358
101.33258670097625 39.08034114324792
123.10380162015926 81.98305712528978
155.2842685848159 179.26605724584448
122.15810189786357 157.47382834949926
184.16476211112848 124.01508638232421
5.665357075628896 59.11782161439365
74.14416986061045 146.43661796401153
28.090306111277652 104.14295945892759
57.28639083779004 151.344069582771
183.31971889098685 76.47173788928437
199.20855394963866 197.8275341489372
173.52911076046846 22.18100403882195
84.03693555133287 127.0286358941653
98.00577296934246 45.765275648118276
196.34715961943022 101.55569671956862
51.94598363019616 88.39386207205202
76.95962741750087 15.22136956736242
178.43402741984022 22.05805176158384
21.997376929899183 157.79842491426015
33.634343982580205 48.20517009010592
12.95999230702094 165.67131827364045
153.4964553275171 34.57574352605069
63.696025653753566 107.11194471081104
164.19938866774214 170.05044240660482
53.47633687610982 73.13185361065322
95.08829913037629 130.43709867636397
# Candidate locations coordinates
106.10130138715992 106.01718600597434
111.41872778171071 119.60925864884544
189.4112503987096 198.17249902766935
133.79197163755757 20.78496310056803
64.7531028036067 18.644834777946627
59.47670673905743 176.22380670601717
192.05216646969788 68.27699672251674
5.521990243118369 61.673292895779255
121.817738112183 34.808618972095175
74.13169541659114 151.64871680388242
121.4892155094596 8.093430119129685
61.085479833740905 139.13065695838588
167.46298732174068 8.825269061105768
34.09282321769182 196.8927419724591
84.59921365332694 64.4432177271548
136.3965502059903 82.96868369844366
36.87304887350109 196.65243824524063
199.9976206129407 153.5884190951368
150.3214701417003 86.19172291305772
115.48709031457653 181.3785989162178
87.00210030278797 146.4790245622773
79.34674516397922 103.20963675948593
184.8477593846537 45.55425160665698
39.1614137878207 84.8516727005564
98.64346354404417 93.50287944304125
95.32571279784325 69.3286490232486
62.77420597791588 68.38612676582983
70.59327122700508 60.20514450860976
147.775616603121 195.3310891408846
114.38118254293894 199.2857161702073
9.464562853762072 5.474551405684069
176.2243548888309 87.23353914243874
83.08977058869675 73.39622516606548
101.3578003860357 147.38136569590924
180.0295403780632 64.17910738075125
106.2243955953902 196.0120620299976
71.3024252719154 155.1544285925683
66.25156792727564 112.77743533712474
40.988553435358874 0.39342985178234535
47.87749935621564 112.98091307853497
9.73429861740225 58.67625599634532
13.620280213056834 92.80960063697346
7.070637488516751 135.89228571833667
197.89585344042413 195.94915784032113
3.6630234962481634 122.22399729893047
57.23666051273146 194.3019885103284
145.9771374365338 7.721132992955826
122.5786475288999 111.44736994758968
103.4452828931055 36.88446713007028
180.1837910425718 30.123552485234327
189.74908963409837 123.91241823588707
193.72441660003963 180.3009047687957
166.0249732044427 0.5292981232039251
136.61261536381133 158.145710735308
23.85121339311558 47.30059923148602
196.62421385316514 66.84249438181998
16.496520396632143 19.081393558154815
29.75025816938137 21.742599567130295
68.5378211031735 13.97277924246676
129.1552755034178 54.018799848328534
72.20096395468549 39.54419737291539
186.54760314292662 139.91173671198928
59.8297095557617 92.38494732599472
170.89699677158376 22.487110371041517
120.08972736249397 94.41336921642056
131.8657394868944 4.04183237118112
8.555805543339545 108.34891828276207
52.57923578547261 132.09975123079732
59.645099984285736 182.85498774561194
100.8811855384398 179.0789570570539
112.43943675321277 178.20382965178317
179.9158112297673 4.164875406795665
30.089753938585282 81.58250689577784
74.46961377123287 167.92345995887445
79.56281519296962 139.36108378021348
133.82606533294526 74.85631698609659
67.92211105758798 72.26400605004306
82.93999998250206 106.44324389048288
69.04793823075539 7.991300154469272
113.23172502746624 126.9278632850751
188.9547238960704 22.9698286304016
82.22772339155068 92.03873810085274
171.21943536375298 23.975017663515885
135.79290396061216 165.8269184561315
180.6447232405549 36.38960027868945
155.85072204014534 170.0354222782533
50.89545789291559 164.55964379789438
63.1041068286643 71.75123707743678
161.21335758487547 197.22580524066257
112.97057847704505 84.8650835966779
158.4741422760214 111.80541751130806
136.36878157094168 119.58152832782571
27.736726599360793 113.91526740122335
68.39091102777112 88.77734989715897
152.85005340221437 191.8239601071914
95.98516761585296 123.28581585854728
4.9856576914135475 103.61703415410165
101.1521540738745 188.03485909336345
121.49078624112197 21.494523703135737
169.82417810917488 196.90598895302784
6.417310867792669 89.99572563025751
113.5973243319036 23.069957862971325
137.2525867888952 29.747833016271596
171.1666888219994 181.8272425043765
1.1445481979231786 83.81770007074142
82.53946236487404 18.364795724120686
120.19005499722215 134.30603147360677
52.677511025009885 22.976858014485902
53.98888193312137 73.89825114515864
28.980660056035457 44.69993045631138
48.98485509515342 109.41975164295896
32.57984643387588 95.96035038566527
178.25367790749021 136.3307181314693
36.93861088478039 56.1229429920638
13.452828302416497 176.75145835236663
0.6780709881322622 45.08569967820506
65.28168161131353 49.005655259783666
190.90152732921385 74.48079289427945
166.49124403678724 190.95844350140615
132.05502464664505 119.80369637377083
92.67704046582502 54.07213843920899
2.2156864620084926 107.91380579303839
147.86240655227013 100.54733304780352
112.86377785132717 130.74624328502637
103.7285569851715 93.66653061540302
57.247281236117864 4.649548356994626
11.318870097452516 114.40324868129828
36.874338221433064 9.995851989502968
167.35744711538123 144.8955754195297
103.86259818462771 22.272054892913307
80.80659973063442 43.48711198219248
13.166677133078174 173.4603141378439
155.91409183371928 161.6971965512569
91.06565526426056 136.58573148422434
86.54559032342972 36.259613556171466
63.07942748074746 7.114334603812367
97.84217077428525 68.11150322920618
57.25857429109289 146.78948044992353
134.22203382339706 26.049512151191646
155.35942887840451 52.53169779813778
63.38239395712031 82.2351126798568
142.5781560387341 199.94521106020562
139.4934869277388 13.073848517859133
183.45981125586917 53.35815341668821
191.90096402894062 25.23369825800261
107.49963483613942 193.33576532311073
186.50341849474745 18.952438657280446
162.78584052130526 13.256194762162664
27.953858159486987 0.9391115292184615
190.28309983294628 118.07247257873223
38.34405755462251 131.62284330756145
22.04332197986849 113.58834129391524
115.54790265701895 34.56423098824835
34.952655414111014 192.55923752538044
44.683974928395045 70.53782234621657
0.5703884212107102 192.19376988515307
5.614129794874856 155.13866251539417
29.646550482212277 45.5576731249965
103.1104645724703 107.8497892657116
105.94287581063836 55.1156631158451
80.00462026724765 176.29636325933868
11.389997733085465 80.95858614630622
139.67154265775847 137.1816750581734
80.2082284576199 158.7573004235748
53.70604511889881 65.92608206161523
166.76904151907314 40.93586466380006
82.84327243449503 108.76805499313716
43.10192918856568 113.03168341758119
71.78764828502023 117.4605615858066
44.390954591712564 121.31790931414426
129.30315262646786 149.58713106423426
57.82140827432247 80.98869189076092
16.818101217333272 132.0350296274138
195.2819591930788 48.746474445416624
117.48133845950342 197.1070354391303
90.48574744824857 111.53883417065566
21.37239622884275 164.41121560300112
138.0198387116594 98.87260903068078
52.857947461944235 165.80435297749074
13.912780422419168 159.4846337972432
193.61096900818328 81.14756896186175
27.892654836918496 94.33223769210137
104.396179336678 39.98569065900153
127.57773073536414 131.44853643424662
56.82821870546133 172.54261363670727
180.12806159889155 165.6705969359165
151.824357470955 4.273147010711242
179.4859409090882 82.02828343477282
166.6070709237897 137.0583250289722
60.00751999292744 112.0438026308477
136.8511668189513 17.66181522232173
36.97972167150556 79.35163759721142
1.609016884167458 72.76429644739491
9.39908733904442 184.75352123332257
162.75590948241793 179.1106225835901
101.46316944636862 195.64557819134527
147.151445823184 161.63751963867682
157.83180245202314 143.99595503446693
18.216933962107817 0.49630204618094087
106.62971652139677 151.96000606463994
