 --- RESULTS --- 
Dataset topology:  1
Runs per dataset:  10
Algorithm:  SA-P
Parameters:  {'t_ini': 6.1, 't_end': 0.0034, 'alpha': 0.9995, 'n_jobs': -1, 'init': True, 'oper': [<function upgradeCells at 0x7f694d1e92d0>, <function downgradeCells at 0x7f694d1e9360>, <function swapCells at 0x7f694d1e93f0>, <function deployConnected at 0x7f694d1e9480>]}
Notes:  - 

DS7_U : [2.6159905438655464, 0.0054872561973372345, 0.8936999999999999, 8912.5, 59.03035450705985, 3375.703901720047]

--- BEST FOUND SOLUTIONS --- 

DS7_U : [0, 4, 0, 0, 0, 0, 0, 0, 0, 0, 4, 0, 4, 0, 0, 0, 0, 0, 0, 0, 0, 4, 0, 4, 0, 0, 0, 0, 0, 0, 0, 0, 0, 0, 0, 0, 4, 4, 4, 0, 0, 0, 0, 4, 0, 0, 0, 0, 0, 4, 0, 0, 0, 4, 0, 0, 4, 0, 0, 4, 0, 4, 0, 4, 4, 4, 0, 0, 0, 4, 0, 0, 0, 0, 0, 0, 4, 0, 0, 0, 0, 0, 0, 0, 0, 0, 0, 0, 0, 0, 0, 0, 0, 0, 4, 0, 0, 4, 0, 0, 4, 0, 0, 0, 4, 4, 0, 0, 4, 0, 0, 0, 3, 0, 4, 4, 0, 0, 0, 0, 0, 4, 4, 0, 4, 0, 0, 4, 4, 0, 4, 4, 0, 0, 4, 0, 0, 0, 0, 0, 0, 0, 0, 4, 0, 0, 0, 3, 0, 0, 0, 0, 4, 0, 4, 0, 4, 0, 0, 0, 0, 4, 4, 0, 0, 0, 0, 0, 4, 0, 0, 0, 0, 4, 4, 0, 0, 0, 0, 0, 4, 4, 0, 0, 0, 0, 4, 4, 0, 0, 0, 4, 0, 0, 0, 0, 4, 0, 0, 0]
