 --- RESULTS --- 
Dataset topology:  1
Runs per dataset:  10
Algorithm:  SA-P
Parameters:  {'t_ini': 6.1, 't_end': 0.0034, 'alpha': 0.999, 'n_jobs': 4, 'init': True, 'oper': [<function upgradeCells at 0x7f2056b820e0>, <function downgradeCells at 0x7f2056b82170>, <function swapCells at 0x7f2056b82200>, <function deployConnected at 0x7f2056b82290>]}
Notes:  Lower temperature interval for small datasets and 4 threads 

DS1_U : [2.8028145246979848, 0.003450935335463733, 0.9736, 1377.5, 25.366914299650666, 102.95851545333862]
DS2_U : [2.9017737248701447, 0.002675653534337858, 0.9955, 1520.0, 34.10334978173715, 160.41478977203369]
DS3_U : [2.899542235614496, 0.0032260223296322757, 0.9961500000000001, 1565.3, 68.70790427331742, 282.8206733942032]

--- BEST FOUND SOLUTIONS --- 

DS1_U : [0, 0, 0, 0, 0, 0, 0, 4, 4, 0, 0, 0, 0, 0, 0, 0, 0, 4, 0, 0, 0, 0, 3, 0, 4, 0, 0, 0, 0, 0, 0, 0, 0, 0, 0, 0, 4, 0, 0, 4, 0, 4, 4, 0, 0, 0, 0, 0, 0, 0]
DS2_U : [0, 0, 0, 0, 0, 0, 0, 0, 0, 0, 0, 4, 0, 4, 0, 0, 0, 0, 0, 0, 0, 4, 0, 0, 0, 0, 0, 0, 0, 0, 0, 0, 0, 0, 0, 0, 0, 0, 0, 4, 0, 0, 0, 0, 4, 0, 0, 0, 0, 0, 0, 0, 0, 0, 0, 0, 0, 0, 4, 4, 0, 4, 0, 0, 0, 0, 0, 0, 0, 0, 0, 0, 0, 0, 0, 0, 0, 0, 3, 0, 0, 0, 0, 0, 0, 0, 3, 0, 0, 0, 0, 0, 0, 0, 0, 0, 0, 0, 0, 0]
DS3_U : [0, 0, 4, 0, 0, 0, 0, 0, 0, 0, 0, 0, 0, 0, 4, 0, 0, 0, 0, 4, 4, 0, 0, 0, 0, 4, 0, 0, 0, 0, 4, 0, 0, 0, 0, 0, 0, 0, 0, 0, 0, 0, 0, 0, 0, 0, 0, 0, 0, 0, 0, 0, 0, 0, 0, 0, 0, 4, 0, 0, 4, 0, 0, 0, 0, 0, 0, 4, 0, 0, 0, 0, 0, 0, 0, 0, 0, 0, 0, 0, 0, 0, 0, 0, 0, 0, 0, 0, 0, 0, 0, 0, 0, 0, 0, 0, 0, 0, 0, 0]
