 --- RESULTS --- 
Dataset topology:  1
Runs per dataset:  10
Algorithm:  SA-P
Parameters:  {'t_ini': 6.1, 't_end': 0.0034, 'alpha': 0.9995, 'n_jobs': 4, 'init': True, 'oper': [<function upgradeCells at 0x7fcee3faa0e0>, <function downgradeCells at 0x7fcee3faa170>, <function swapCells at 0x7fcee3faa200>, <function deployConnected at 0x7fcee3faa290>]}
Notes:  Lower temperature interval and bigger alpha for small datasets

DS1_U : [2.805257790855785, 0.005010478894227346, 0.9768000000000001, 1398.0, 22.354610384186163, 299.75113513469694]
DS2_U : [2.902226828175828, 0.003330184684667655, 0.9918999999999999, 1455.2, 32.364474050949326, 403.94341695308685]
DS3_U : [2.900257689941575, 0.0033037928560068013, 0.9943500000000001, 1527.8, 65.13345683029266, 694.7417177915573]

--- BEST FOUND SOLUTIONS --- 

DS1_U : [0, 0, 0, 0, 0, 0, 0, 4, 4, 0, 0, 0, 0, 4, 0, 4, 0, 4, 0, 0, 0, 0, 0, 0, 0, 0, 0, 0, 0, 0, 4, 0, 0, 0, 0, 0, 4, 0, 0, 0, 0, 4, 0, 0, 0, 0, 0, 0, 0, 0]
DS2_U : [0, 0, 0, 4, 0, 0, 0, 0, 0, 0, 0, 0, 0, 0, 0, 0, 0, 4, 4, 0, 0, 0, 0, 0, 0, 0, 0, 0, 0, 0, 0, 0, 0, 0, 0, 0, 0, 0, 0, 4, 0, 0, 0, 0, 0, 0, 0, 0, 0, 0, 0, 4, 0, 0, 0, 0, 0, 0, 0, 4, 0, 0, 4, 0, 0, 0, 0, 0, 0, 0, 0, 0, 0, 0, 4, 0, 0, 0, 0, 0, 0, 0, 0, 0, 0, 0, 0, 0, 0, 0, 0, 0, 0, 0, 0, 0, 0, 0, 0, 0]
DS3_U : [4, 0, 0, 0, 0, 0, 0, 0, 0, 0, 0, 0, 0, 0, 4, 0, 0, 0, 0, 0, 0, 4, 0, 0, 0, 0, 4, 0, 0, 0, 0, 0, 0, 0, 0, 0, 0, 0, 0, 0, 0, 0, 0, 0, 0, 0, 0, 0, 4, 0, 0, 4, 0, 0, 0, 0, 0, 0, 0, 0, 0, 0, 0, 0, 0, 0, 0, 0, 0, 4, 0, 0, 0, 0, 4, 0, 0, 0, 0, 0, 0, 0, 0, 0, 0, 4, 0, 0, 0, 0, 0, 0, 0, 0, 0, 0, 0, 0, 0, 0]
