 --- RESULTS --- 
Dataset topology:  1
Runs per dataset:  10
Algorithm:  SA-P
Parameters:  {'t_ini': 6.1, 't_end': 0.0034, 'alpha': 0.9995, 'n_jobs': -1, 'init': True, 'oper': [<function upgradeCells at 0x7f55b520a0e0>, <function downgradeCells at 0x7f55b520a170>, <function swapCells at 0x7f55b520a200>, <function deployConnected at 0x7f55b520a290>]}
Notes:  Lower temperature interval and bigger alpha 

DS4_U : [2.654896863118455, 0.006234675630560188, 0.9201499999999999, 4205.0, 36.769135219462626, 985.4528766870499]
DS5_U : [2.818483822316775, 0.008092477755396354, 0.9797499999999999, 5062.5, 67.28431319629244, 1887.1445452451705]
DS6_U : [2.814880698939306, 0.0030691150193705827, 0.9738249999999999, 5027.5, 127.74788101725483, 3119.321963953972]

--- BEST FOUND SOLUTIONS --- 

DS4_U : [0, 0, 0, 4, 0, 0, 0, 0, 4, 0, 0, 0, 0, 0, 4, 0, 0, 0, 0, 0, 0, 0, 0, 4, 0, 0, 0, 0, 4, 0, 0, 0, 0, 0, 0, 0, 0, 0, 0, 0, 0, 0, 4, 4, 3, 0, 0, 4, 0, 0, 0, 3, 0, 0, 0, 0, 0, 4, 0, 0, 0, 4, 0, 0, 4, 0, 0, 0, 4, 0, 4, 0, 0, 0, 0, 4, 0, 4, 4, 4, 0, 0, 0, 0, 4, 0, 0, 4, 0, 0, 4, 4, 0, 0, 0, 4, 4, 4, 0, 0]
DS5_U : [0, 0, 0, 0, 0, 3, 0, 0, 0, 0, 0, 0, 0, 0, 0, 0, 4, 0, 0, 0, 0, 0, 0, 0, 0, 0, 0, 0, 4, 0, 0, 0, 0, 4, 0, 0, 4, 0, 0, 0, 0, 0, 0, 4, 0, 0, 0, 0, 0, 0, 0, 0, 0, 0, 0, 0, 0, 0, 0, 0, 0, 0, 0, 0, 0, 0, 0, 4, 0, 0, 0, 4, 0, 0, 4, 0, 0, 4, 0, 0, 0, 0, 0, 0, 0, 4, 4, 0, 4, 0, 4, 0, 0, 0, 0, 0, 0, 0, 0, 0, 4, 0, 4, 0, 0, 4, 4, 0, 0, 0, 0, 0, 0, 0, 4, 0, 0, 0, 0, 0, 0, 4, 0, 0, 0, 0, 0, 0, 0, 0, 0, 0, 0, 0, 0, 0, 0, 4, 0, 4, 4, 0, 0, 0, 0, 0, 0, 0, 0, 0, 0, 0, 0, 0, 0, 0, 4, 0, 0, 0, 0, 0, 0, 4, 0, 0, 0, 4, 0, 0, 0, 0, 0, 0, 4, 0, 0, 0, 0, 0, 0, 0, 0, 0, 0, 0, 0, 4, 0, 0, 0, 0, 0, 0, 0, 0, 0, 4, 0, 0]
DS6_U : [0, 4, 4, 0, 0, 0, 0, 0, 0, 0, 0, 3, 0, 0, 4, 0, 0, 0, 0, 0, 0, 0, 0, 0, 0, 0, 0, 0, 0, 0, 0, 0, 4, 0, 4, 4, 0, 0, 0, 0, 4, 4, 0, 0, 0, 4, 0, 0, 0, 0, 0, 0, 0, 0, 0, 0, 4, 0, 0, 0, 0, 0, 0, 0, 0, 0, 0, 0, 0, 0, 4, 0, 0, 0, 4, 0, 0, 0, 4, 0, 0, 0, 4, 0, 4, 0, 0, 0, 0, 0, 0, 0, 0, 4, 4, 4, 0, 0, 0, 0, 0, 4, 0, 0, 0, 0, 0, 0, 0, 0, 0, 0, 0, 0, 0, 0, 0, 0, 0, 4, 0, 0, 0, 0, 0, 3, 0, 0, 4, 0, 0, 0, 0, 0, 0, 0, 0, 4, 4, 0, 0, 0, 0, 0, 0, 0, 0, 0, 0, 0, 0, 0, 0, 0, 0, 0, 0, 4, 0, 0, 0, 4, 0, 0, 0, 0, 0, 0, 0, 0, 0, 0, 4, 0, 0, 0, 0, 0, 0, 0, 0, 0, 0, 0, 0, 4, 0, 0, 0, 0, 0, 0, 0, 0, 0, 0, 0, 0, 3, 0]
