 --- RESULTS --- 
Dataset topology:  1
Runs per dataset:  10
Algorithm:  SA-P
t_ini:  6.1
t_end:  0.0034
n_jobs:  8
Notes:  Statistical tests 

DS1_U : [2.7927442706125154, 0.004655453501978143, 0.9659000000000001, 1350.3, 3.478438146005894e-05, 23.389258098602294]
     Best solution: [2, 0, 0, 0, 0, 0, 0, 4, 4, 0, 0, 1, 2, 0, 0, 0, 0, 0, 2, 0, 4, 0, 1, 0, 4, 0, 0, 0, 0, 0, 4, 0, 0, 0, 0, 0, 0, 0, 4, 0, 0, 0, 0, 0, 0, 4, 0, 0, 0, 0] 

DS2_U : [2.9054561069662173, 0.003351630608713422, 0.9964999999999999, 1454.6, 3.7371607262750026e-05, 51.3131721496582]
     Best solution: [0, 2, 0, 0, 0, 0, 0, 1, 0, 0, 0, 4, 0, 0, 0, 0, 0, 0, 0, 0, 0, 0, 0, 0, 0, 0, 0, 0, 0, 0, 0, 0, 0, 0, 4, 0, 0, 0, 4, 0, 3, 4, 0, 2, 4, 0, 0, 0, 0, 0, 0, 0, 0, 0, 0, 0, 0, 0, 0, 0, 4, 0, 0, 4, 0, 0, 0, 0, 0, 0, 0, 0, 0, 0, 0, 0, 0, 0, 4, 0, 0, 0, 0, 0, 0, 0, 0, 0, 0, 0, 0, 0, 2, 0, 0, 0, 0, 0, 0, 0] 

DS3_U : [2.9021495163264666, 0.0033253626475127224, 0.9958, 1500.9, 7.855699162661692e-05, 144.48731815814972]
     Best solution: [0, 0, 0, 0, 4, 0, 4, 0, 0, 0, 0, 0, 4, 0, 0, 0, 0, 0, 0, 0, 0, 0, 0, 0, 0, 0, 4, 0, 0, 4, 4, 0, 0, 0, 0, 4, 0, 0, 0, 0, 0, 0, 0, 0, 0, 0, 0, 0, 0, 0, 0, 0, 0, 0, 0, 0, 0, 0, 0, 0, 0, 2, 0, 0, 4, 0, 0, 0, 0, 0, 0, 0, 0, 0, 0, 0, 0, 0, 0, 0, 0, 0, 0, 0, 0, 0, 0, 0, 0, 0, 0, 0, 0, 0, 0, 0, 0, 0, 0, 2] 

DS4_U : [2.6498675230570434, 0.007122450761837705, 0.9117000000000001, 4099.3, 4.709289084671822e-05, 191.83587472438813]
     Best solution: [4, 0, 4, 0, 0, 4, 0, 4, 0, 2, 0, 0, 3, 0, 0, 4, 0, 0, 4, 0, 0, 0, 2, 4, 0, 0, 4, 1, 4, 0, 2, 4, 0, 0, 0, 0, 2, 0, 0, 2, 0, 0, 4, 0, 0, 4, 0, 0, 0, 0, 0, 0, 4, 4, 0, 0, 0, 0, 0, 2, 0, 4, 4, 0, 4, 0, 0, 0, 4, 0, 0, 0, 0, 2, 0, 0, 0, 0, 4, 0, 0, 0, 4, 0, 0, 0, 0, 4, 4, 0, 0, 4, 0, 0, 2, 0, 0, 4, 0, 0] 

DS5_U : [2.8111971932801394, 0.005355906843562318, 0.9706499999999998, 4847.0, 8.881564064792257e-05, 604.1097728252411]
     Best solution: [0, 0, 0, 0, 4, 0, 0, 2, 0, 0, 0, 4, 0, 3, 4, 0, 0, 0, 0, 2, 0, 0, 0, 3, 0, 0, 0, 0, 0, 0, 0, 3, 0, 0, 4, 0, 0, 0, 4, 0, 0, 0, 0, 0, 0, 0, 0, 0, 0, 0, 0, 0, 0, 0, 0, 0, 0, 0, 0, 0, 0, 0, 0, 0, 0, 0, 0, 0, 0, 0, 0, 0, 0, 0, 0, 2, 0, 0, 0, 4, 0, 3, 0, 0, 0, 0, 0, 0, 0, 4, 0, 0, 0, 0, 0, 4, 0, 4, 4, 0, 0, 4, 0, 0, 0, 0, 0, 0, 0, 0, 4, 0, 0, 0, 0, 0, 0, 2, 0, 0, 4, 4, 4, 0, 0, 0, 0, 0, 0, 0, 0, 0, 0, 0, 0, 3, 0, 4, 0, 0, 0, 0, 4, 0, 0, 0, 0, 0, 0, 0, 0, 0, 0, 0, 0, 0, 0, 0, 0, 4, 4, 4, 0, 0, 2, 4, 0, 0, 0, 0, 0, 0, 2, 0, 4, 0, 4, 0, 4, 2, 0, 0, 0, 0, 0, 0, 1, 2, 0, 0, 0, 0, 0, 4, 0, 0, 4, 0, 0, 0] 

DS6_U : [2.8207981259884063, 0.005655531676932374, 0.9844250000000001, 5053.7, 0.00015492389335568875, 1238.9454036951065]
     Best solution: [0, 0, 0, 0, 0, 0, 0, 4, 0, 0, 0, 0, 0, 4, 0, 0, 0, 0, 0, 0, 0, 4, 0, 0, 0, 0, 2, 0, 0, 0, 0, 4, 0, 0, 4, 0, 4, 0, 0, 0, 0, 0, 0, 0, 4, 4, 0, 0, 2, 0, 0, 0, 0, 4, 0, 4, 0, 2, 0, 0, 0, 0, 0, 0, 0, 0, 0, 0, 2, 0, 0, 4, 0, 0, 0, 0, 0, 0, 0, 0, 0, 4, 0, 0, 0, 0, 0, 4, 0, 0, 0, 0, 4, 2, 0, 0, 0, 0, 0, 4, 0, 0, 0, 0, 0, 3, 0, 0, 0, 0, 4, 0, 0, 4, 4, 0, 0, 0, 0, 0, 4, 0, 0, 4, 0, 0, 0, 0, 4, 0, 0, 0, 0, 4, 0, 2, 0, 4, 0, 0, 0, 3, 0, 2, 0, 4, 0, 0, 0, 0, 0, 0, 4, 0, 0, 0, 0, 3, 0, 0, 0, 0, 0, 0, 0, 0, 0, 0, 3, 0, 0, 0, 0, 0, 0, 0, 0, 0, 0, 0, 0, 0, 0, 0, 3, 0, 0, 0, 0, 0, 0, 0, 4, 0, 0, 0, 4, 0, 2, 2] 

DS7_U : [2.5991732611979708, 0.008107786836143887, 0.877525, 8584.9, 8.592062073991573e-05, 1483.2653531789779]
     Best solution: [0, 0, 0, 4, 0, 0, 0, 0, 0, 0, 0, 0, 0, 0, 0, 0, 0, 4, 2, 0, 0, 4, 0, 4, 4, 0, 0, 3, 2, 2, 0, 0, 3, 0, 4, 0, 4, 4, 0, 4, 4, 0, 0, 4, 0, 0, 0, 0, 0, 0, 0, 2, 0, 0, 4, 0, 0, 4, 4, 0, 0, 0, 0, 0, 0, 0, 4, 0, 0, 0, 0, 4, 0, 4, 0, 0, 4, 4, 0, 0, 4, 4, 0, 0, 0, 0, 0, 4, 0, 0, 0, 0, 4, 3, 0, 0, 0, 0, 0, 2, 0, 0, 0, 4, 4, 0, 0, 0, 0, 0, 4, 0, 0, 4, 0, 3, 4, 0, 4, 0, 0, 0, 0, 0, 0, 3, 4, 0, 0, 4, 0, 0, 0, 0, 2, 2, 0, 0, 0, 0, 0, 4, 0, 4, 3, 0, 0, 0, 0, 0, 3, 4, 0, 4, 0, 0, 0, 0, 0, 0, 4, 4, 0, 0, 0, 4, 0, 0, 0, 0, 4, 4, 0, 0, 4, 0, 0, 0, 0, 0, 0, 4, 2, 0, 0, 0, 4, 3, 4, 4, 0, 0, 0, 0, 2, 0, 3, 0, 2, 4] 

DS8_U : [2.7249312480688825, 0.004413124823000071, 0.940475, 9858.3, 0.00013794146243865116, 2479.567623257637]
     Best solution: [0, 4, 0, 0, 4, 4, 0, 0, 0, 4, 0, 0, 0, 0, 0, 3, 0, 3, 2, 0, 0, 0, 0, 2, 0, 0, 4, 4, 0, 0, 4, 4, 0, 0, 0, 0, 4, 0, 0, 0, 2, 0, 0, 0, 0, 4, 0, 3, 0, 3, 4, 4, 0, 0, 0, 0, 0, 4, 4, 0, 4, 0, 4, 4, 0, 2, 0, 0, 0, 0, 0, 4, 0, 0, 0, 0, 0, 0, 0, 0, 2, 4, 0, 0, 0, 0, 4, 0, 0, 0, 0, 0, 0, 0, 0, 0, 2, 0, 0, 4, 0, 0, 4, 0, 4, 0, 0, 0, 3, 2, 0, 1, 0, 3, 0, 0, 0, 0, 0, 0, 0, 0, 4, 0, 0, 0, 2, 0, 0, 0, 0, 0, 0, 0, 0, 0, 0, 0, 0, 0, 0, 2, 0, 4, 0, 0, 0, 0, 0, 0, 0, 0, 4, 4, 0, 4, 0, 4, 2, 0, 4, 0, 0, 0, 0, 0, 4, 0, 0, 0, 4, 0, 0, 0, 4, 0, 0, 4, 0, 0, 0, 0, 0, 3, 0, 4, 0, 0, 0, 4, 0, 0, 0, 0, 0, 0, 0, 0, 0, 0, 4, 0, 0, 0, 0, 0, 0, 0, 3, 0, 0, 0, 0, 4, 0, 0, 2, 0, 0, 0, 4, 4, 3, 4, 2, 0, 0, 4, 3, 0, 0, 0, 0, 0, 0, 4, 4, 0, 0, 0, 0, 0, 0, 0, 0, 4, 4, 4, 0, 0, 4, 0, 0, 0, 4, 0, 0, 0, 0, 0, 0, 0, 0, 0, 0, 2, 0, 0, 0, 0, 0, 0, 0, 0, 0, 0, 0, 0, 0, 0, 0, 0, 1, 4, 0, 1, 0, 1, 0, 0, 4, 4, 0, 0, 3, 0, 4, 0, 0, 0] 

