 --- RESULTS --- 
Runs per dataset:  2
Notes:  Runtime comparisons 

DS1 : [2.7754342311376665, 0.01755405551486522, 0.958, 1387.5, 151.98873184043654, 14.68998122215271]
DS2 : [2.8825716115182365, 0.005885151657198273, 0.992, 1737.5, 162.45386019255633, 21.51829445362091]
DS3 : [2.8833184017171467, 0.0014497377494488983, 0.988, 1562.5, 397.65479268992885, 46.29150938987732]
DS4 : [2.62252994309853, 0.011957678070454891, 0.8885, 4350.0, 100.14642854825976, 49.34424865245819]
DS5 : [2.8081640154059437, 0.01129041405682174, 0.9782500000000001, 5775.0, 439.8417928351105, 97.11813962459564]
DS6 : [2.7988118400054476, 0.00031161382985978037, 0.969125, 5675.0, 946.5215144537445, 191.50186705589294]
DS7 : [2.6044280858145132, 0.006099618178396549, 0.890875, 9900.0, 470.8880235965023, 191.88184010982513]
DS8 : [2.7140433391523846, 0.0014988826323740767, 0.9435, 11275.5, 445.8912386905603, 273.31343376636505]

--- BEST FOUND SOLUTIONS --- 

DS1 : [0, 0, 0, 4, 0, 0, 0, 0, 0, 0, 0, 0, 0, 0, 0, 4, 0, 4, 0, 0, 0, 0, 0, 0, 0, 0, 0, 0, 4, 0, 0, 0, 0, 0, 4, 0, 4, 3, 0, 0, 0, 0, 0, 4, 3, 4, 0, 0, 0, 0]
DS2 : [4, 0, 0, 0, 0, 4, 0, 0, 0, 4, 0, 0, 0, 0, 0, 0, 0, 0, 0, 4, 0, 4, 0, 0, 0, 0, 0, 4, 0, 0, 0, 0, 0, 0, 0, 0, 0, 0, 0, 0, 0, 0, 0, 0, 0, 0, 0, 4, 0, 0, 0, 0, 0, 0, 0, 0, 0, 0, 0, 0, 0, 0, 0, 0, 0, 0, 0, 4, 3, 0, 0, 0, 0, 0, 0, 0, 0, 0, 0, 4, 0, 0, 0, 0, 0, 3, 0, 0, 4, 0, 0, 0, 0, 0, 0, 0, 0, 0, 0, 0]
DS3 : [0, 0, 0, 0, 0, 0, 0, 0, 0, 0, 0, 0, 3, 0, 0, 0, 0, 0, 0, 0, 0, 0, 0, 0, 0, 0, 0, 0, 0, 0, 4, 0, 4, 0, 0, 0, 0, 0, 0, 0, 0, 4, 0, 0, 0, 0, 0, 4, 0, 0, 0, 0, 4, 0, 0, 0, 0, 4, 0, 0, 0, 0, 4, 0, 0, 0, 0, 0, 4, 0, 0, 0, 0, 0, 0, 0, 0, 0, 0, 0, 0, 0, 0, 0, 0, 0, 4, 0, 0, 0, 0, 0, 0, 0, 0, 0, 0, 0, 0, 0]
DS4 : [4, 4, 3, 0, 0, 0, 4, 0, 0, 0, 0, 0, 0, 0, 0, 0, 0, 0, 0, 4, 0, 0, 4, 4, 4, 0, 4, 4, 3, 4, 0, 0, 0, 4, 0, 0, 0, 0, 0, 0, 0, 0, 0, 0, 0, 0, 0, 0, 4, 0, 0, 0, 0, 3, 0, 0, 0, 0, 0, 4, 4, 0, 0, 3, 4, 0, 4, 0, 4, 0, 4, 0, 4, 0, 4, 4, 0, 0, 0, 0, 4, 0, 0, 0, 0, 0, 0, 0, 0, 0, 0, 4, 0, 0, 4, 0, 0, 4, 3, 0]
DS5 : [0, 0, 0, 0, 0, 0, 0, 0, 0, 0, 0, 0, 3, 0, 0, 0, 4, 0, 0, 0, 0, 0, 0, 0, 0, 0, 0, 0, 3, 0, 4, 4, 0, 4, 4, 0, 4, 0, 0, 0, 4, 0, 0, 0, 0, 3, 3, 0, 0, 0, 0, 0, 0, 3, 0, 0, 0, 3, 0, 0, 0, 4, 0, 0, 0, 0, 0, 0, 0, 0, 4, 0, 0, 0, 0, 4, 4, 0, 0, 0, 0, 0, 0, 0, 4, 0, 4, 0, 0, 0, 4, 4, 0, 0, 0, 3, 0, 4, 4, 0, 4, 0, 4, 0, 0, 3, 0, 0, 0, 0, 4, 0, 0, 4, 0, 0, 0, 0, 0, 0, 4, 0, 0, 0, 4, 0, 0, 0, 0, 3, 4, 0, 4, 0, 0, 4, 0, 0, 0, 0, 0, 0, 0, 0, 0, 0, 4, 3, 0, 3, 0, 0, 0, 0, 0, 0, 0, 4, 0, 0, 0, 0, 0, 0, 0, 0, 0, 0, 4, 0, 0, 0, 4, 0, 0, 0, 0, 0, 0, 4, 0, 0, 0, 0, 0, 4, 0, 0, 0, 0, 0, 3, 0, 0, 4, 0, 0, 0, 0, 0]
DS6 : [0, 0, 0, 0, 0, 0, 0, 0, 0, 0, 0, 3, 0, 0, 0, 0, 0, 0, 0, 0, 0, 0, 3, 0, 0, 4, 0, 0, 0, 0, 0, 0, 0, 3, 0, 4, 0, 0, 0, 0, 0, 0, 0, 4, 0, 0, 0, 0, 0, 0, 4, 4, 3, 0, 0, 0, 3, 0, 0, 0, 0, 0, 4, 4, 0, 0, 0, 0, 4, 4, 3, 0, 0, 4, 0, 0, 0, 4, 0, 0, 0, 4, 0, 0, 0, 4, 0, 0, 0, 0, 0, 0, 0, 0, 0, 4, 0, 4, 0, 0, 0, 0, 0, 0, 4, 0, 4, 0, 0, 0, 0, 4, 4, 0, 4, 0, 0, 0, 0, 0, 0, 0, 0, 4, 0, 0, 0, 0, 0, 0, 0, 0, 0, 0, 0, 0, 0, 4, 0, 4, 0, 0, 4, 4, 0, 0, 3, 0, 0, 0, 0, 0, 0, 4, 0, 0, 4, 0, 0, 4, 0, 0, 0, 4, 0, 0, 0, 0, 0, 0, 0, 0, 0, 0, 0, 0, 0, 0, 0, 0, 0, 0, 0, 4, 0, 0, 0, 0, 0, 0, 0, 0, 0, 0, 0, 4, 0, 0, 0, 0]
DS7 : [0, 0, 3, 0, 3, 0, 0, 0, 0, 4, 3, 0, 4, 0, 0, 0, 0, 0, 4, 0, 0, 0, 0, 0, 0, 0, 0, 4, 0, 4, 4, 0, 0, 0, 3, 0, 0, 0, 3, 0, 0, 0, 0, 0, 4, 0, 0, 4, 4, 0, 4, 0, 0, 0, 4, 0, 0, 0, 0, 0, 4, 0, 3, 0, 0, 4, 0, 4, 0, 0, 0, 4, 0, 0, 4, 0, 0, 0, 0, 3, 0, 4, 0, 0, 4, 0, 0, 0, 4, 4, 0, 4, 4, 0, 4, 4, 0, 0, 4, 0, 0, 0, 4, 0, 0, 0, 0, 4, 0, 3, 0, 0, 0, 0, 4, 0, 4, 0, 0, 0, 0, 0, 4, 0, 4, 0, 4, 3, 0, 4, 0, 4, 0, 0, 0, 4, 4, 0, 0, 0, 0, 0, 4, 4, 0, 0, 0, 4, 4, 0, 4, 0, 0, 4, 4, 3, 3, 0, 4, 0, 0, 4, 0, 0, 0, 4, 0, 3, 4, 0, 0, 0, 0, 0, 0, 4, 4, 0, 0, 4, 4, 0, 0, 0, 0, 0, 0, 4, 4, 0, 4, 0, 0, 0, 0, 0, 0, 0, 0, 0]
DS8 : [0, 0, 0, 4, 0, 0, 0, 0, 4, 0, 0, 0, 0, 0, 0, 0, 3, 0, 0, 0, 0, 0, 0, 4, 0, 0, 0, 0, 0, 0, 0, 0, 0, 0, 0, 0, 0, 0, 0, 4, 0, 4, 0, 4, 3, 0, 0, 3, 0, 4, 0, 0, 0, 0, 4, 0, 3, 0, 0, 0, 0, 0, 0, 0, 4, 0, 0, 0, 0, 0, 0, 0, 0, 0, 0, 0, 4, 0, 0, 4, 4, 4, 0, 3, 0, 4, 0, 0, 4, 4, 0, 0, 0, 0, 0, 0, 0, 0, 0, 0, 0, 0, 4, 0, 0, 4, 0, 0, 0, 0, 0, 0, 0, 0, 0, 3, 0, 0, 0, 0, 0, 0, 0, 4, 4, 4, 0, 0, 0, 0, 0, 0, 4, 0, 0, 0, 0, 0, 0, 0, 3, 0, 0, 0, 0, 0, 0, 0, 4, 0, 0, 4, 0, 0, 4, 0, 0, 4, 0, 0, 0, 0, 0, 0, 3, 0, 4, 0, 4, 4, 0, 4, 4, 0, 0, 0, 4, 0, 0, 0, 0, 0, 0, 0, 3, 4, 0, 0, 0, 0, 4, 4, 0, 4, 0, 0, 0, 0, 0, 0, 0, 4, 0, 4, 0, 4, 3, 4, 0, 0, 0, 0, 0, 0, 0, 4, 0, 4, 4, 0, 0, 0, 0, 0, 0, 4, 0, 4, 0, 4, 0, 4, 0, 4, 4, 4, 0, 0, 0, 0, 0, 0, 0, 0, 0, 0, 0, 4, 0, 4, 0, 0, 0, 0, 0, 0, 0, 0, 4, 0, 0, 0, 0, 4, 4, 0, 0, 0, 0, 0, 4, 4, 0, 4, 0, 0, 0, 0, 0, 0, 4, 4, 0, 0, 4, 0, 4, 0, 0, 0, 0, 0, 0, 0, 0, 0, 0, 4, 0, 0]
