 --- RESULTS --- 
Runs per dataset:  10
Algorithm:  Local Search
Operators:  [<function upgradeCells at 0x7f72db959480>, <function downgradeCells at 0x7f72db959510>, <function swapCells at 0x7f72db9595a0>, <function deployConnected at 0x7f72db959630>]
Initial deployment:  True
Notes:  New format 

DS1 : [2.785328252166944, 0.006745557480136456, 0.9646000000000001, 1385.0, 42.638221683760904, 12.320367670059204]
DS2 : [2.8963685659308984, 0.004688789318362478, 0.9966999999999999, 1607.5, 41.68667446062399, 18.515059065818786]
DS3 : [2.888190434527052, 0.008158818508898978, 0.99215, 1617.5, 108.84736597868032, 37.07015795707703]
DS4 : [2.6226477987794694, 0.011399105129201047, 0.8923, 4235.0, 42.104649163119504, 44.38773777484894]
DS5 : [2.7955094696649185, 0.005609133274584162, 0.9663999999999999, 5225.0, 81.16298523934722, 76.43461327552795]
DS6 : [2.788857504131687, 0.0036318628484811977, 0.95505, 5115.5, 161.24531704806594, 154.92958748340607]
DS7 : [2.5809483064162677, 0.006889159831347469, 0.8556000000000001, 8670.0, 72.40085341989922, 153.25461173057556]
DS8 : [2.703119881347431, 0.003788965175566348, 0.9222500000000002, 10165.5, 122.92857036169455, 226.41856830120088]

--- BEST FOUND SOLUTIONS --- 

DS1 : [0, 0, 4, 0, 0, 0, 0, 0, 0, 4, 0, 0, 0, 0, 0, 0, 0, 0, 0, 0, 0, 0, 0, 0, 0, 0, 0, 0, 0, 4, 4, 0, 3, 0, 0, 4, 0, 3, 0, 0, 0, 0, 0, 0, 0, 0, 0, 4, 0, 0]
DS2 : [0, 0, 0, 0, 0, 4, 0, 0, 0, 0, 0, 0, 0, 0, 0, 0, 3, 0, 4, 0, 0, 4, 0, 0, 0, 0, 0, 4, 0, 0, 0, 0, 0, 0, 0, 0, 0, 4, 0, 4, 0, 0, 0, 0, 0, 0, 0, 0, 0, 0, 0, 0, 0, 0, 0, 4, 0, 0, 0, 0, 0, 0, 0, 0, 0, 0, 0, 0, 0, 0, 0, 0, 0, 0, 0, 0, 0, 4, 0, 4, 0, 0, 0, 0, 0, 0, 0, 0, 0, 0, 0, 0, 0, 0, 4, 0, 0, 0, 0, 0]
DS3 : [0, 0, 0, 0, 0, 0, 0, 0, 4, 0, 0, 0, 4, 0, 0, 4, 0, 0, 0, 0, 4, 0, 0, 0, 0, 0, 0, 0, 0, 4, 0, 0, 0, 0, 0, 0, 0, 0, 0, 0, 0, 0, 0, 0, 0, 0, 0, 0, 0, 0, 0, 0, 4, 0, 0, 4, 0, 0, 0, 0, 0, 0, 0, 0, 0, 0, 0, 0, 0, 4, 0, 0, 4, 0, 0, 0, 0, 0, 0, 0, 0, 4, 0, 0, 0, 0, 4, 0, 0, 0, 0, 0, 0, 0, 0, 0, 0, 0, 0, 0]
DS4 : [0, 0, 0, 4, 0, 0, 0, 0, 0, 4, 0, 0, 0, 4, 0, 4, 0, 0, 0, 0, 0, 4, 4, 4, 0, 0, 0, 0, 4, 0, 0, 4, 0, 0, 0, 0, 4, 0, 0, 0, 3, 0, 0, 0, 0, 4, 0, 0, 0, 0, 0, 4, 4, 0, 0, 0, 4, 0, 0, 4, 0, 0, 0, 0, 0, 0, 3, 0, 4, 0, 0, 0, 0, 0, 4, 4, 4, 0, 0, 0, 0, 0, 4, 0, 0, 4, 0, 4, 0, 0, 3, 0, 0, 0, 0, 0, 0, 4, 0, 4]
DS5 : [0, 0, 4, 0, 0, 0, 4, 4, 0, 0, 0, 0, 0, 0, 0, 0, 4, 0, 0, 0, 0, 0, 0, 0, 0, 0, 0, 0, 4, 0, 0, 4, 0, 0, 0, 4, 0, 0, 4, 4, 0, 0, 0, 0, 0, 0, 0, 0, 0, 0, 0, 0, 0, 4, 0, 0, 0, 0, 0, 0, 4, 0, 0, 0, 0, 0, 0, 0, 0, 0, 0, 0, 0, 0, 4, 4, 0, 0, 0, 0, 0, 4, 0, 0, 0, 0, 4, 0, 0, 0, 0, 0, 0, 0, 0, 0, 3, 0, 4, 0, 0, 0, 0, 0, 0, 4, 0, 0, 4, 0, 0, 0, 4, 0, 0, 0, 0, 0, 0, 4, 0, 0, 3, 0, 0, 0, 0, 0, 0, 0, 0, 0, 0, 0, 0, 0, 0, 0, 0, 4, 0, 0, 0, 0, 4, 0, 0, 4, 4, 0, 0, 0, 0, 0, 0, 0, 0, 4, 4, 4, 4, 0, 0, 0, 0, 0, 0, 0, 0, 0, 0, 0, 4, 0, 0, 0, 0, 0, 0, 4, 0, 4, 0, 0, 0, 4, 0, 0, 0, 0, 0, 0, 0, 0, 0, 0, 0, 0, 0, 4]
DS6 : [0, 0, 0, 0, 0, 0, 0, 0, 0, 4, 0, 0, 0, 0, 0, 4, 0, 0, 0, 0, 0, 0, 4, 0, 0, 0, 4, 0, 0, 0, 0, 0, 0, 4, 0, 0, 0, 0, 4, 0, 4, 0, 0, 0, 4, 0, 0, 0, 4, 0, 0, 0, 0, 0, 0, 0, 0, 4, 0, 0, 0, 0, 0, 0, 4, 4, 0, 0, 0, 0, 0, 0, 0, 0, 0, 0, 0, 0, 0, 0, 0, 0, 0, 0, 0, 4, 0, 0, 4, 0, 0, 0, 0, 0, 4, 0, 0, 0, 0, 0, 0, 0, 4, 0, 4, 0, 0, 4, 0, 0, 0, 0, 0, 0, 4, 4, 0, 0, 0, 0, 0, 3, 0, 0, 0, 0, 0, 4, 0, 0, 0, 0, 0, 0, 0, 0, 0, 0, 4, 4, 0, 0, 0, 0, 0, 0, 0, 0, 0, 3, 3, 0, 0, 0, 0, 0, 0, 0, 0, 4, 4, 0, 0, 0, 0, 0, 0, 0, 0, 0, 0, 0, 0, 4, 0, 0, 0, 4, 0, 0, 0, 0, 0, 0, 0, 0, 0, 0, 0, 0, 0, 0, 0, 0, 0, 4, 0, 4, 0, 0]
DS7 : [0, 0, 0, 4, 4, 0, 0, 0, 0, 0, 0, 0, 4, 0, 0, 0, 0, 0, 0, 0, 4, 4, 0, 0, 4, 0, 0, 0, 0, 4, 0, 0, 0, 0, 4, 4, 0, 0, 0, 0, 0, 0, 0, 4, 4, 0, 0, 0, 0, 4, 0, 0, 0, 4, 0, 0, 0, 0, 4, 0, 0, 0, 0, 0, 0, 0, 4, 0, 0, 4, 0, 0, 0, 0, 0, 0, 0, 0, 0, 0, 0, 0, 0, 0, 0, 0, 0, 0, 4, 0, 0, 0, 0, 0, 4, 0, 0, 0, 0, 0, 0, 0, 4, 4, 0, 0, 0, 0, 0, 0, 0, 0, 0, 0, 4, 0, 0, 4, 4, 0, 4, 4, 0, 0, 0, 0, 3, 0, 0, 4, 4, 4, 0, 0, 0, 4, 0, 4, 4, 4, 4, 0, 0, 0, 4, 0, 0, 0, 4, 0, 0, 0, 0, 0, 0, 4, 0, 0, 0, 4, 0, 0, 0, 4, 0, 4, 0, 0, 0, 0, 0, 0, 0, 0, 0, 0, 0, 4, 0, 4, 0, 4, 4, 0, 0, 0, 0, 0, 4, 0, 0, 0, 4, 0, 0, 0, 0, 4, 4, 4]
DS8 : [0, 0, 3, 0, 4, 0, 0, 4, 0, 0, 0, 4, 4, 0, 4, 0, 4, 0, 0, 0, 0, 0, 0, 0, 0, 0, 0, 0, 0, 0, 4, 0, 0, 0, 0, 0, 0, 0, 0, 0, 0, 0, 0, 0, 4, 0, 0, 0, 0, 0, 0, 0, 4, 0, 0, 0, 4, 0, 0, 0, 0, 0, 0, 0, 0, 0, 0, 0, 0, 4, 0, 4, 0, 0, 0, 0, 4, 0, 4, 4, 4, 0, 0, 4, 0, 0, 0, 0, 0, 0, 0, 0, 0, 0, 0, 0, 0, 0, 0, 0, 0, 0, 4, 0, 0, 0, 0, 4, 0, 0, 0, 4, 0, 0, 0, 4, 0, 0, 0, 0, 4, 4, 4, 0, 0, 4, 0, 0, 0, 0, 4, 4, 4, 0, 4, 4, 4, 0, 0, 0, 0, 0, 0, 0, 0, 4, 0, 0, 0, 0, 0, 0, 0, 4, 0, 0, 0, 0, 0, 0, 0, 3, 0, 0, 0, 0, 0, 0, 0, 0, 0, 0, 0, 0, 0, 0, 0, 4, 0, 0, 0, 0, 0, 4, 4, 0, 0, 0, 0, 0, 0, 0, 4, 0, 0, 4, 0, 4, 0, 0, 0, 0, 0, 0, 0, 4, 0, 0, 0, 4, 0, 0, 0, 0, 0, 4, 0, 0, 0, 0, 0, 0, 0, 0, 0, 0, 0, 4, 0, 0, 0, 0, 0, 0, 0, 4, 4, 0, 0, 0, 0, 4, 0, 4, 0, 0, 0, 0, 0, 0, 0, 0, 0, 0, 0, 0, 0, 0, 0, 0, 4, 0, 0, 4, 0, 0, 0, 0, 0, 0, 0, 4, 4, 4, 0, 0, 0, 0, 0, 0, 0, 0, 0, 0, 4, 0, 4, 0, 0, 4, 4, 0, 4, 0, 0, 0, 4, 0, 0, 0]
