 --- RESULTS --- 
Dataset topology:  1
Runs per dataset:  1
Algorithm:  Simulated Annealing
Operators:  [<function upgradeCells at 0x7f01846b2050>, <function downgradeCells at 0x7f01846b20e0>, <function swapCells at 0x7f01846b2170>, <function deployConnected at 0x7f01846b2200>]
Initial deployment:  True
Notes:  T_ini = 6, T_end = 0.0001, alpha = 0.999, n_neighbors = 3 

DS1_U : [2.7925438472174138, 0.0, 0.987, 1575.0, 26.143050506968468, 167.41057920455933]
DS2_U : [2.891606474964049, 0.0, 0.992, 1605.0, 39.430001961289804, 328.4417214393616]
DS3_U : [2.8999104598150542, 0.0, 0.999, 1580.0, 85.18065934851295, 666.640524148941]
DS4_U : [2.6226576106526847, 0.0, 0.877, 4057.0, 35.7655483558114, 580.3614509105682]
DS5_U : [2.791212517486536, 0.0, 0.9775, 5763.0, 92.61283762009101, 1331.2262167930603]
DS6_U : [2.782967497865587, 0.0, 0.9765, 5918.0, 201.33002502690945, 2799.802150964737]
DS7_U : [2.56993051067573, 0.0, 0.87425, 9458.0, 85.77250673185932, 2302.265789270401]
DS8_U : [2.6866927318836815, 0.0, 0.9325, 11190.0, 159.12121425953038, 3792.879556417465]

--- BEST FOUND SOLUTIONS --- 

DS1_U : [0, 0, 0, 0, 0, 0, 0, 0, 0, 0, 0, 0, 0, 0, 0, 0, 0, 4, 4, 0, 4, 0, 4, 0, 0, 4, 0, 0, 0, 0, 0, 0, 4, 0, 4, 0, 4, 0, 0, 0, 0, 0, 4, 0, 0, 0, 0, 0, 0, 0]
DS2_U : [0, 0, 0, 1, 0, 4, 0, 0, 0, 0, 0, 0, 0, 0, 0, 0, 0, 0, 0, 4, 3, 4, 0, 0, 0, 0, 1, 0, 4, 0, 0, 0, 0, 0, 0, 0, 0, 4, 0, 0, 0, 0, 0, 0, 1, 0, 0, 0, 4, 0, 0, 0, 0, 0, 4, 0, 0, 0, 0, 0, 0, 0, 0, 0, 1, 0, 0, 0, 0, 0, 0, 0, 0, 0, 0, 4, 0, 0, 0, 4, 0, 0, 0, 0, 0, 0, 0, 0, 0, 1, 0, 0, 0, 0, 0, 0, 0, 0, 0, 0]
DS3_U : [0, 1, 0, 4, 0, 0, 0, 1, 0, 0, 0, 0, 0, 0, 0, 0, 0, 1, 4, 0, 0, 0, 0, 0, 4, 0, 0, 0, 0, 4, 0, 0, 0, 0, 0, 0, 4, 0, 0, 4, 0, 0, 0, 0, 0, 0, 0, 0, 0, 0, 0, 0, 0, 0, 0, 0, 0, 0, 0, 0, 0, 0, 0, 0, 0, 1, 0, 0, 0, 0, 0, 0, 0, 0, 4, 0, 4, 0, 0, 0, 4, 0, 0, 0, 1, 0, 0, 0, 0, 0, 0, 0, 0, 0, 0, 0, 0, 0, 0, 0]
DS4_U : [0, 0, 4, 0, 0, 0, 0, 0, 0, 0, 4, 0, 0, 0, 4, 0, 0, 4, 0, 3, 0, 1, 0, 0, 4, 0, 4, 0, 0, 0, 0, 0, 0, 0, 0, 2, 4, 4, 0, 0, 4, 0, 4, 0, 0, 4, 0, 0, 0, 0, 0, 0, 0, 4, 0, 4, 0, 0, 0, 0, 4, 0, 1, 0, 0, 0, 4, 0, 0, 0, 0, 0, 4, 0, 4, 4, 4, 0, 0, 0, 0, 0, 0, 0, 0, 0, 4, 0, 0, 4, 0, 4, 0, 0, 4, 0, 0, 0, 0, 0]
DS5_U : [0, 0, 0, 0, 0, 0, 0, 0, 0, 1, 0, 1, 4, 1, 0, 0, 3, 0, 4, 0, 4, 0, 0, 1, 0, 2, 0, 2, 0, 1, 1, 4, 0, 0, 0, 1, 4, 0, 4, 0, 2, 0, 0, 0, 0, 1, 0, 0, 0, 0, 2, 4, 0, 0, 0, 1, 2, 2, 0, 0, 0, 1, 1, 0, 0, 0, 4, 4, 0, 0, 1, 0, 0, 1, 2, 4, 1, 0, 1, 0, 0, 1, 0, 1, 0, 2, 0, 1, 0, 1, 0, 0, 0, 0, 4, 0, 4, 1, 0, 0, 0, 0, 0, 4, 0, 0, 0, 0, 0, 0, 1, 2, 1, 2, 0, 2, 0, 4, 1, 1, 0, 0, 0, 0, 4, 2, 0, 4, 4, 0, 0, 1, 0, 4, 0, 1, 4, 4, 0, 1, 0, 1, 1, 0, 0, 0, 4, 0, 0, 4, 0, 0, 1, 0, 0, 2, 1, 1, 0, 4, 1, 4, 2, 0, 3, 0, 4, 0, 0, 4, 1, 0, 4, 0, 4, 0, 0, 4, 0, 1, 0, 0, 1, 0, 2, 1, 0, 0, 0, 1, 0, 0, 0, 0, 4, 0, 0, 4, 0, 4]
DS6_U : [2, 0, 1, 2, 0, 0, 1, 0, 0, 1, 0, 0, 0, 1, 1, 2, 0, 1, 1, 1, 1, 0, 0, 0, 4, 2, 4, 0, 1, 0, 0, 1, 0, 1, 4, 1, 0, 0, 4, 1, 0, 2, 1, 0, 0, 0, 0, 0, 1, 0, 4, 1, 0, 1, 1, 0, 1, 1, 0, 0, 4, 0, 2, 0, 0, 2, 0, 0, 2, 0, 1, 2, 0, 2, 1, 4, 4, 0, 4, 4, 0, 0, 0, 1, 0, 1, 4, 0, 4, 0, 1, 1, 1, 1, 0, 0, 0, 1, 1, 0, 0, 1, 0, 0, 4, 1, 4, 0, 2, 2, 0, 0, 1, 0, 0, 1, 1, 1, 0, 1, 4, 0, 1, 0, 0, 1, 1, 0, 4, 4, 4, 1, 4, 0, 0, 1, 0, 1, 1, 0, 0, 1, 0, 1, 0, 4, 0, 1, 2, 0, 0, 4, 4, 0, 1, 0, 4, 0, 4, 4, 1, 2, 4, 0, 0, 0, 4, 0, 4, 1, 2, 0, 1, 4, 0, 0, 2, 0, 0, 1, 0, 0, 0, 0, 2, 1, 1, 4, 0, 1, 1, 0, 0, 4, 0, 4, 4, 0, 1, 0]
DS7_U : [1, 1, 1, 1, 0, 2, 4, 4, 4, 4, 0, 1, 1, 2, 2, 2, 4, 4, 0, 4, 2, 4, 1, 0, 0, 4, 4, 0, 0, 0, 1, 0, 0, 4, 2, 1, 1, 2, 2, 2, 1, 0, 2, 0, 2, 0, 0, 0, 4, 2, 1, 0, 1, 4, 0, 1, 0, 1, 4, 0, 1, 1, 0, 0, 0, 1, 1, 4, 2, 1, 0, 1, 1, 0, 0, 1, 0, 1, 2, 0, 1, 0, 2, 2, 0, 4, 2, 1, 4, 0, 4, 0, 1, 4, 1, 0, 0, 4, 1, 0, 0, 1, 1, 0, 4, 1, 1, 0, 0, 1, 4, 4, 2, 1, 2, 0, 0, 4, 2, 0, 0, 4, 0, 0, 4, 1, 4, 1, 4, 2, 1, 0, 1, 4, 1, 1, 1, 0, 4, 1, 4, 4, 4, 1, 2, 4, 4, 0, 4, 2, 4, 0, 4, 4, 0, 1, 4, 4, 0, 0, 1, 4, 0, 1, 1, 1, 4, 4, 1, 1, 1, 0, 4, 0, 4, 0, 2, 4, 4, 4, 1, 1, 0, 1, 4, 0, 2, 0, 4, 0, 4, 0, 1, 0, 0, 4, 0, 1, 0, 1]
DS8_U : [2, 0, 2, 4, 1, 1, 2, 2, 1, 0, 1, 0, 4, 1, 1, 1, 1, 2, 2, 4, 2, 4, 1, 4, 1, 4, 1, 1, 1, 1, 1, 1, 1, 3, 2, 2, 4, 1, 4, 0, 0, 0, 4, 4, 4, 2, 1, 1, 1, 2, 1, 1, 4, 3, 0, 1, 2, 0, 4, 2, 0, 1, 4, 4, 4, 2, 1, 1, 1, 1, 1, 2, 1, 0, 4, 4, 2, 2, 0, 0, 0, 4, 0, 2, 4, 0, 2, 0, 0, 2, 0, 1, 1, 1, 0, 1, 0, 2, 2, 0, 0, 4, 0, 1, 4, 2, 0, 1, 2, 0, 0, 1, 1, 1, 1, 0, 1, 0, 4, 4, 0, 4, 0, 2, 1, 0, 2, 4, 1, 0, 0, 1, 4, 1, 3, 1, 1, 2, 0, 1, 2, 0, 1, 1, 0, 4, 1, 0, 4, 1, 1, 0, 0, 0, 0, 4, 1, 2, 1, 0, 4, 2, 0, 2, 4, 4, 2, 2, 1, 0, 0, 1, 0, 1, 4, 4, 1, 0, 2, 1, 0, 1, 2, 1, 4, 1, 1, 2, 4, 1, 3, 0, 4, 1, 1, 0, 0, 1, 1, 1, 1, 4, 1, 0, 3, 1, 2, 4, 0, 4, 0, 0, 0, 1, 2, 0, 1, 2, 2, 1, 2, 4, 1, 4, 0, 4, 4, 4, 2, 1, 1, 4, 0, 0, 2, 1, 0, 1, 4, 0, 4, 0, 4, 0, 1, 4, 1, 4, 4, 1, 0, 0, 0, 1, 4, 1, 4, 0, 0, 2, 1, 0, 1, 1, 0, 4, 2, 1, 1, 2, 1, 0, 2, 1, 0, 2, 0, 0, 2, 2, 4, 1, 4, 4, 0, 0, 1, 1, 0, 0, 0, 1, 1, 2, 1, 3, 4, 2, 4, 2]
