 --- RESULTS --- 
Dataset topology:  2
Runs per dataset:  10
Algorithm:  ALNS
Operators:  [<function upgradeCells at 0x7f39f51be050>, <function downgradeCells at 0x7f39f51be0e0>, <function swapCells at 0x7f39f51be170>, <function deployConnected at 0x7f39f51be200>]
Initial deployment:  True
Notes:  segment = 250, r = 0.05 

DS1_B : [2.914889153737089, 0.017617763422894447, 0.9903000000000001, 649.1, 2.731559523578894, 64.34278695583343]
DS2_B : [2.9546948165698885, 0.011438062755516175, 0.9966000000000002, 696.8, 7.958165136441036, 111.08115298748017]
DS3_B : [2.9266000754627584, 0.011940789035731614, 0.99175, 982.1, 61.740870203831925, 258.35407235622404]
DS4_B : [2.744962391759757, 0.02273624656246875, 0.9379500000000001, 2809.6, 45.09574165697419, 271.06132917404176]
DS5_B : [2.820447801419459, 0.021893304139819214, 0.9765500000000001, 4495.3, 130.46305304438746, 521.6238978385925]
DS6_B : [2.7906096464376784, 0.03061122509939805, 0.9549750000000001, 4562.4, 115.85117180276897, 1026.9736772298813]
DS7_B : [2.6039871511977317, 0.032540074204937514, 0.9078750000000001, 9135.3, 70.50746572713739, 1065.575141453743]
DS8_B : [2.6583252294486313, 0.020054797340343922, 0.930525, 12059.2, 161.60892525391512, 1616.209989619255]

--- BEST FOUND SOLUTIONS --- 

DS1_B : [0, 4, 0, 0, 4, 0, 0, 0, 0, 0, 0, 0, 0, 0, 0, 1, 0, 0, 0, 0, 0, 0, 0, 0, 0, 4, 2, 0, 0, 0, 0, 0, 0, 0, 0, 0, 4, 0, 0, 0, 0, 1, 0, 0, 4, 0, 0, 0, 0, 0]
DS2_B : [0, 0, 0, 0, 0, 0, 0, 0, 0, 4, 1, 1, 0, 2, 0, 4, 0, 0, 0, 2, 0, 0, 2, 0, 0, 0, 1, 0, 0, 0, 0, 0, 0, 0, 0, 4, 1, 0, 0, 0, 0, 0, 0, 0, 1, 0, 0, 0, 0, 0, 0, 0, 0, 0, 0, 0, 0, 2, 4, 0, 0, 0, 0, 0, 0, 0, 0, 0, 0, 1, 0, 0, 1, 0, 0, 0, 0, 0, 0, 0, 0, 0, 0, 0, 0, 0, 4, 0, 0, 0, 0, 0, 0, 0, 0, 2, 0, 0, 0, 0]
DS3_B : [0, 0, 0, 0, 0, 4, 0, 0, 0, 2, 0, 0, 1, 0, 0, 4, 2, 1, 0, 0, 4, 0, 2, 1, 0, 1, 0, 0, 2, 0, 0, 0, 0, 0, 0, 0, 0, 1, 2, 0, 0, 0, 0, 0, 0, 0, 0, 0, 0, 0, 0, 0, 0, 0, 0, 0, 0, 0, 0, 2, 0, 1, 0, 0, 0, 0, 0, 0, 0, 0, 2, 0, 0, 4, 0, 0, 0, 4, 4, 0, 0, 0, 0, 0, 0, 1, 0, 0, 0, 0, 0, 0, 0, 0, 0, 0, 0, 0, 0, 4]
DS4_B : [0, 4, 0, 1, 0, 4, 1, 0, 2, 3, 2, 0, 0, 4, 4, 0, 0, 4, 0, 2, 4, 0, 1, 0, 0, 0, 0, 1, 1, 0, 4, 1, 0, 0, 2, 1, 1, 4, 0, 0, 4, 0, 1, 2, 4, 0, 0, 0, 4, 4, 4, 2, 0, 0, 1, 0, 1, 1, 1, 0, 4, 0, 1, 3, 1, 0, 2, 1, 0, 3, 0, 0, 1, 0, 0, 0, 2, 0, 0, 2, 0, 1, 2, 4, 1, 4, 0, 0, 0, 0, 2, 0, 0, 4, 3, 4, 0, 4, 0, 0]
DS5_B : [0, 0, 0, 0, 0, 1, 1, 0, 1, 2, 0, 3, 0, 2, 2, 0, 0, 1, 0, 2, 0, 2, 1, 1, 0, 4, 4, 0, 4, 3, 0, 1, 1, 0, 2, 0, 4, 0, 3, 2, 0, 0, 1, 2, 0, 0, 3, 0, 4, 0, 1, 4, 0, 1, 1, 1, 0, 0, 0, 1, 0, 4, 2, 1, 0, 0, 1, 2, 4, 3, 0, 0, 0, 0, 1, 0, 0, 0, 0, 0, 0, 2, 0, 2, 0, 0, 3, 1, 0, 0, 0, 0, 4, 4, 0, 0, 3, 0, 0, 0, 4, 4, 0, 1, 0, 0, 1, 4, 3, 0, 0, 0, 0, 0, 1, 3, 3, 1, 4, 0, 1, 3, 0, 0, 4, 0, 1, 2, 2, 2, 0, 1, 4, 1, 0, 0, 2, 4, 0, 4, 0, 2, 1, 2, 0, 0, 4, 3, 0, 4, 0, 1, 4, 2, 1, 0, 4, 2, 0, 1, 0, 0, 2, 1, 2, 4, 1, 4, 3, 1, 3, 0, 0, 4, 0, 0, 1, 0, 0, 0, 3, 0, 0, 0, 4, 1, 0, 3, 0, 0, 0, 0, 3, 1, 0, 0, 0, 4, 1, 0]
DS6_B : [0, 1, 0, 0, 0, 1, 4, 0, 0, 0, 0, 0, 2, 3, 0, 4, 0, 0, 0, 0, 3, 0, 0, 0, 1, 0, 1, 0, 3, 0, 3, 0, 0, 2, 0, 0, 1, 4, 3, 4, 4, 0, 0, 1, 0, 0, 0, 0, 0, 1, 4, 4, 3, 4, 0, 0, 4, 1, 2, 3, 0, 1, 4, 0, 1, 0, 1, 0, 0, 4, 0, 4, 0, 0, 3, 3, 0, 0, 1, 0, 4, 0, 0, 0, 0, 1, 0, 0, 0, 2, 1, 2, 0, 2, 0, 0, 2, 0, 0, 3, 0, 4, 0, 1, 0, 0, 0, 4, 0, 3, 4, 4, 0, 0, 0, 0, 0, 0, 0, 1, 0, 4, 0, 3, 4, 2, 4, 2, 4, 1, 2, 2, 0, 0, 0, 0, 4, 0, 0, 0, 0, 0, 0, 1, 0, 0, 2, 3, 1, 1, 1, 1, 2, 0, 0, 3, 0, 0, 1, 1, 1, 3, 3, 0, 0, 1, 0, 2, 4, 4, 1, 0, 4, 0, 1, 1, 4, 2, 0, 1, 3, 0, 0, 1, 3, 1, 1, 0, 0, 0, 2, 4, 0, 1, 0, 3, 2, 2, 0, 3]
DS7_B : [3, 1, 1, 0, 1, 4, 4, 1, 4, 4, 1, 2, 3, 1, 2, 4, 0, 1, 2, 4, 0, 1, 3, 4, 1, 2, 3, 4, 2, 1, 2, 0, 4, 4, 0, 3, 1, 3, 0, 1, 4, 3, 4, 1, 3, 1, 0, 0, 1, 3, 4, 3, 2, 2, 0, 3, 4, 0, 0, 4, 0, 1, 1, 1, 1, 1, 4, 4, 1, 1, 2, 0, 0, 0, 2, 1, 4, 1, 4, 3, 2, 4, 1, 4, 1, 2, 1, 2, 2, 1, 4, 4, 2, 0, 0, 1, 4, 1, 1, 4, 1, 1, 3, 0, 2, 4, 1, 4, 1, 4, 2, 2, 1, 2, 0, 2, 1, 1, 4, 0, 1, 1, 2, 0, 4, 1, 3, 4, 0, 1, 4, 1, 0, 1, 0, 4, 4, 0, 2, 4, 4, 0, 2, 1, 4, 2, 1, 0, 2, 4, 0, 4, 2, 0, 1, 4, 4, 0, 2, 0, 4, 4, 2, 4, 3, 0, 0, 2, 1, 4, 4, 1, 4, 1, 4, 2, 1, 4, 3, 4, 0, 1, 2, 0, 1, 4, 4, 0, 0, 4, 0, 3, 1, 4, 3, 1, 3, 2, 2, 1]
DS8_B : [0, 1, 0, 0, 0, 2, 1, 3, 1, 2, 3, 0, 4, 3, 4, 4, 3, 1, 1, 0, 4, 4, 3, 0, 0, 1, 3, 3, 2, 2, 0, 2, 0, 0, 1, 0, 3, 4, 0, 0, 0, 1, 0, 2, 4, 1, 3, 4, 4, 1, 4, 0, 4, 3, 4, 4, 4, 0, 0, 0, 3, 4, 0, 0, 1, 4, 1, 2, 0, 0, 0, 1, 0, 3, 0, 0, 0, 0, 4, 1, 4, 1, 3, 1, 0, 0, 0, 1, 0, 2, 1, 4, 1, 4, 0, 0, 0, 4, 2, 3, 0, 1, 2, 1, 1, 0, 0, 1, 0, 0, 4, 3, 0, 0, 4, 0, 4, 1, 0, 4, 4, 0, 1, 0, 2, 1, 1, 0, 0, 4, 4, 1, 0, 4, 3, 0, 0, 2, 1, 0, 2, 1, 0, 2, 3, 4, 2, 2, 0, 3, 3, 1, 3, 1, 4, 0, 4, 4, 0, 4, 1, 3, 2, 4, 4, 0, 1, 0, 1, 0, 0, 1, 4, 4, 0, 2, 4, 3, 0, 3, 1, 0, 0, 4, 2, 1, 0, 3, 3, 0, 4, 0, 0, 0, 2, 0, 1, 4, 0, 0, 4, 4, 1, 0, 2, 0, 2, 1, 0, 3, 3, 4, 0, 4, 0, 1, 4, 1, 0, 0, 1, 4, 2, 2, 1, 1, 2, 3, 4, 0, 1, 0, 3, 2, 2, 0, 1, 4, 2, 3, 2, 4, 2, 2, 1, 3, 4, 3, 0, 0, 0, 0, 1, 0, 1, 1, 4, 2, 4, 0, 0, 1, 0, 4, 3, 1, 4, 0, 0, 1, 3, 0, 2, 3, 4, 1, 0, 4, 1, 4, 4, 3, 0, 4, 0, 2, 2, 1, 1, 2, 3, 0, 1, 0, 4, 2, 0, 4, 0, 1]
