 --- RESULTS --- 
Dataset topology:  2
Runs per dataset:  10
Algorithm:  Simulated Annealing
Operators:  [<function upgradeCells at 0x7f76b4c7a050>, <function downgradeCells at 0x7f76b4c7a0e0>, <function swapCells at 0x7f76b4c7a170>, <function deployConnected at 0x7f76b4c7a200>]
Initial deployment:  True
Notes:  T_ini = 100, T_end = 0.01 

DS1_B : [2.8353166000550467, 0.01245695387526158, 0.991, 1304.5, 14.676002255850353, 64.42974016666412]
DS2_B : [2.8886271613510632, 0.022920554123200265, 0.9989000000000001, 1850.4, 17.286932345593648, 121.1292009115219]
DS3_B : [2.8718786978395965, 0.025084991598143862, 0.9977, 2029.2, 67.4643712897421, 245.61074402332306]
DS4_B : [2.6503690946546667, 0.012821548236152006, 0.974, 4641.0, 81.22883017562822, 206.22740738391877]
DS5_B : [2.731388009233415, 0.010079628590130825, 0.9913500000000001, 8061.0, 139.8128438834533, 451.0101218223572]
DS6_B : [2.7080965325113544, 0.032658519381118856, 0.9047249999999998, 5405.9, 143.65701189428523, 922.8345208883286]
DS7_B : [2.5345018342469343, 0.035907535019572105, 0.84505, 8853.8, 94.6842617690509, 820.1636572122574]
DS8_B : [2.5406056602911296, 0.0353882559943145, 0.8818750000000002, 14944.1, 215.29675177852783, 1264.7512521028518]

--- BEST FOUND SOLUTIONS --- 

DS1_B : [0, 3, 4, 2, 1, 4, 1, 1, 1, 1, 0, 0, 2, 0, 0, 2, 0, 1, 1, 1, 1, 0, 4, 1, 0, 2, 4, 0, 1, 2, 4, 2, 2, 2, 0, 0, 4, 0, 4, 2, 2, 1, 1, 1, 1, 0, 4, 0, 2, 1]
DS2_B : [1, 1, 4, 2, 1, 3, 1, 1, 4, 2, 3, 4, 2, 2, 1, 2, 1, 3, 2, 1, 1, 3, 1, 2, 1, 2, 2, 2, 1, 4, 1, 1, 1, 1, 2, 2, 1, 3, 2, 3, 1, 2, 2, 1, 2, 3, 1, 2, 1, 2, 3, 2, 0, 3, 4, 4, 3, 1, 1, 1, 2, 2, 1, 3, 1, 4, 1, 4, 1, 2, 1, 2, 2, 1, 1, 2, 1, 2, 1, 2, 0, 3, 3, 2, 2, 4, 4, 2, 2, 2, 2, 2, 1, 1, 1, 3, 2, 3, 1, 1]
DS3_B : [1, 4, 3, 2, 3, 1, 3, 2, 3, 4, 1, 4, 1, 3, 1, 2, 0, 1, 0, 3, 1, 2, 0, 3, 3, 1, 1, 2, 1, 0, 2, 1, 1, 4, 1, 2, 1, 1, 1, 3, 2, 3, 1, 3, 0, 2, 2, 2, 4, 1, 1, 1, 3, 1, 2, 4, 1, 1, 2, 0, 4, 2, 2, 3, 2, 2, 1, 3, 2, 1, 4, 2, 1, 1, 0, 2, 1, 1, 4, 3, 1, 0, 1, 3, 1, 1, 1, 2, 2, 2, 1, 1, 2, 1, 2, 0, 1, 4, 2, 1]
DS4_B : [2, 1, 4, 1, 4, 3, 1, 4, 1, 2, 2, 2, 1, 4, 2, 2, 1, 1, 2, 1, 1, 4, 0, 4, 4, 2, 2, 1, 1, 1, 4, 0, 0, 4, 1, 2, 2, 4, 2, 0, 4, 1, 1, 2, 3, 3, 4, 3, 1, 2, 4, 2, 2, 2, 0, 2, 1, 2, 3, 1, 0, 2, 2, 1, 1, 3, 4, 3, 0, 2, 1, 0, 1, 2, 1, 2, 0, 4, 4, 4, 4, 1, 2, 1, 1, 3, 4, 2, 4, 4, 2, 4, 1, 4, 0, 2, 2, 4, 2, 1]
DS5_B : [2, 4, 1, 3, 1, 2, 4, 2, 1, 1, 3, 2, 2, 3, 2, 3, 3, 4, 2, 4, 4, 2, 2, 3, 3, 4, 4, 1, 1, 1, 1, 4, 1, 1, 1, 4, 2, 4, 3, 1, 1, 2, 3, 3, 1, 4, 2, 2, 0, 3, 2, 1, 4, 1, 4, 2, 2, 4, 3, 3, 2, 3, 1, 2, 4, 1, 2, 1, 2, 4, 2, 3, 4, 1, 2, 4, 3, 1, 1, 3, 2, 1, 4, 1, 2, 2, 2, 3, 2, 1, 1, 1, 1, 2, 3, 2, 2, 1, 1, 3, 4, 1, 1, 4, 1, 2, 4, 4, 4, 1, 3, 1, 4, 2, 1, 1, 4, 1, 2, 2, 4, 1, 3, 1, 3, 2, 4, 1, 1, 4, 3, 2, 2, 4, 4, 0, 1, 3, 2, 1, 2, 2, 4, 2, 4, 3, 1, 2, 1, 2, 2, 1, 4, 1, 2, 2, 3, 1, 3, 2, 2, 3, 4, 4, 1, 1, 2, 4, 1, 1, 3, 2, 1, 3, 2, 2, 2, 3, 4, 3, 2, 2, 2, 3, 2, 1, 3, 4, 3, 2, 4, 1, 1, 2, 2, 1, 3, 4, 1, 3]
DS6_B : [1, 1, 1, 2, 3, 3, 3, 2, 2, 4, 4, 3, 1, 1, 2, 1, 3, 2, 2, 1, 0, 3, 3, 2, 1, 3, 2, 4, 2, 3, 4, 3, 1, 2, 3, 1, 2, 4, 2, 2, 1, 1, 3, 1, 3, 2, 4, 2, 3, 3, 3, 4, 1, 2, 1, 2, 1, 1, 3, 2, 3, 4, 1, 3, 3, 1, 4, 3, 1, 3, 3, 1, 3, 1, 4, 2, 3, 1, 4, 4, 1, 4, 4, 3, 3, 3, 3, 0, 1, 1, 2, 2, 4, 1, 4, 1, 0, 1, 1, 2, 1, 3, 4, 3, 2, 4, 1, 4, 4, 4, 3, 4, 3, 3, 1, 1, 2, 2, 4, 4, 1, 1, 2, 1, 2, 1, 2, 2, 1, 1, 2, 2, 3, 4, 3, 3, 3, 1, 1, 1, 2, 4, 1, 3, 2, 3, 1, 2, 4, 3, 4, 1, 2, 1, 2, 1, 4, 4, 2, 3, 2, 2, 3, 3, 3, 2, 2, 4, 4, 3, 3, 3, 1, 2, 4, 1, 1, 4, 0, 1, 2, 3, 2, 3, 4, 2, 4, 1, 1, 4, 1, 4, 2, 1, 2, 3, 2, 4, 2, 3]
DS7_B : [2, 2, 4, 4, 2, 2, 2, 4, 2, 1, 3, 1, 3, 3, 3, 2, 4, 2, 4, 4, 4, 4, 1, 1, 4, 2, 3, 2, 4, 3, 0, 2, 1, 4, 2, 1, 2, 4, 4, 3, 4, 3, 1, 1, 1, 2, 4, 2, 2, 1, 2, 4, 4, 2, 3, 3, 1, 2, 1, 2, 4, 3, 4, 4, 3, 3, 3, 4, 2, 4, 1, 4, 4, 2, 2, 1, 4, 1, 4, 4, 2, 1, 3, 4, 3, 2, 3, 3, 1, 4, 4, 1, 2, 2, 3, 3, 2, 1, 1, 1, 3, 2, 2, 2, 4, 0, 2, 0, 3, 2, 1, 1, 1, 4, 3, 4, 1, 3, 4, 2, 2, 4, 4, 0, 2, 3, 1, 2, 2, 4, 1, 3, 4, 3, 2, 0, 2, 1, 2, 3, 2, 4, 1, 3, 2, 3, 0, 2, 4, 1, 2, 1, 4, 3, 4, 4, 4, 4, 3, 0, 4, 1, 4, 4, 4, 2, 1, 2, 2, 4, 4, 1, 4, 4, 1, 4, 1, 2, 2, 1, 4, 1, 2, 1, 1, 2, 4, 4, 1, 4, 4, 3, 2, 3, 3, 4, 3, 1, 4, 4]
DS8_B : [1, 0, 0, 4, 0, 0, 0, 1, 0, 4, 0, 0, 0, 0, 0, 0, 0, 0, 0, 0, 0, 0, 0, 0, 0, 0, 0, 0, 0, 0, 0, 0, 1, 0, 0, 4, 0, 4, 0, 0, 0, 0, 0, 4, 0, 0, 0, 4, 0, 0, 0, 0, 0, 2, 0, 0, 0, 0, 0, 0, 2, 0, 4, 0, 0, 4, 0, 0, 0, 0, 0, 0, 0, 0, 1, 0, 0, 0, 0, 0, 0, 4, 0, 0, 0, 0, 0, 0, 0, 2, 0, 0, 2, 0, 0, 1, 0, 0, 0, 0, 0, 4, 0, 0, 0, 1, 0, 2, 4, 0, 0, 0, 0, 0, 2, 0, 1, 0, 0, 0, 0, 0, 0, 0, 0, 0, 0, 0, 0, 4, 0, 0, 0, 0, 0, 0, 0, 0, 0, 0, 0, 0, 0, 0, 0, 1, 0, 0, 0, 0, 0, 0, 0, 0, 1, 0, 0, 3, 0, 0, 4, 1, 0, 0, 0, 0, 0, 0, 0, 0, 0, 4, 0, 2, 0, 0, 4, 0, 0, 1, 0, 0, 4, 0, 3, 0, 0, 0, 0, 0, 0, 0, 4, 2, 0, 0, 2, 0, 0, 0, 0, 0, 0, 0, 0, 0, 0, 4, 0, 0, 0, 0, 0, 0, 0, 0, 0, 0, 0, 0, 0, 3, 1, 0, 0, 4, 0, 0, 0, 0, 0, 0, 2, 4, 0, 3, 0, 0, 0, 0, 0, 1, 0, 0, 0, 0, 4, 1, 0, 0, 0, 0, 0, 4, 4, 0, 0, 0, 0, 1, 0, 0, 2, 0, 0, 0, 0, 0, 0, 4, 0, 0, 0, 3, 0, 0, 0, 0, 0, 0, 0, 0, 0, 0, 0, 0, 2, 0, 4, 0, 4, 0, 1, 0, 0, 0, 0, 0, 0, 0]
