 --- RESULTS --- 
Runs per dataset:  10
Notes:  SA-TABU, complete run 1 neighbor 

DS1 : [2.756123644513558, 0.013286864700085095, 0.9471999999999999, 1399.2, 30.9982911228095, 64.47691504955291]
DS2 : [2.8535401706040115, 0.012901885685299158, 0.9921, 1994.9, 83.0422130344216, 124.21851229667664]
DS3 : [2.8412773722670304, 0.017477401410297435, 0.9796500000000001, 1932.7, 174.7887871792027, 250.3129769563675]
DS4 : [2.4865628797559536, 0.023347883138518495, 0.85815, 4505.3, 50.65299757905772, 207.7890435934067]
DS5 : [2.657792857037003, 0.016153666005023288, 0.96845, 7098.5, 214.3409628928684, 462.39280171394347]
DS6 : [2.671220435303103, 0.029712477802091, 0.9557249999999999, 6522.5, 458.1157292082824, 938.2013290166855]
DS7 : [2.383941085786784, 0.024686386012901705, 0.8421999999999998, 10011.5, 146.84630472023142, 820.7152929067612]
DS8 : [2.4467168514453994, 0.02401374196461557, 0.947875, 14499.6, 475.81878981454366, 1311.6277595520019]

--- BEST FOUND SOLUTIONS --- 

DS1 : [0, 2, 4, 0, 0, 0, 2, 0, 2, 0, 0, 2, 2, 0, 0, 1, 0, 1, 1, 2, 1, 1, 1, 4, 0, 4, 0, 0, 2, 0, 4, 4, 0, 0, 0, 2, 1, 1, 0, 1, 0, 2, 4, 0, 1, 2, 1, 0, 1, 4]
DS2 : [2, 1, 2, 2, 4, 4, 0, 4, 2, 1, 0, 2, 2, 1, 0, 1, 1, 3, 2, 0, 2, 1, 0, 2, 1, 3, 1, 4, 2, 0, 0, 2, 4, 2, 0, 2, 4, 2, 2, 2, 0, 4, 1, 1, 0, 1, 1, 4, 0, 0, 2, 1, 1, 3, 0, 2, 2, 0, 2, 0, 4, 2, 1, 1, 2, 1, 2, 2, 0, 1, 0, 0, 2, 1, 2, 0, 1, 2, 1, 2, 2, 1, 0, 0, 0, 4, 2, 1, 0, 4, 1, 1, 1, 0, 0, 2, 3, 1, 2, 0]
DS3 : [2, 3, 1, 2, 4, 2, 1, 1, 0, 1, 1, 2, 2, 0, 4, 1, 2, 1, 4, 0, 2, 4, 1, 1, 3, 1, 1, 1, 0, 0, 0, 0, 2, 1, 1, 4, 1, 0, 1, 2, 2, 3, 2, 2, 1, 1, 4, 1, 0, 1, 1, 4, 2, 1, 1, 2, 1, 1, 4, 1, 1, 0, 2, 1, 2, 1, 1, 2, 4, 0, 1, 1, 1, 3, 1, 0, 0, 0, 2, 1, 2, 1, 3, 1, 1, 1, 0, 4, 2, 2, 2, 2, 0, 3, 1, 2, 2, 4, 2, 1]
DS4 : [1, 1, 2, 1, 0, 2, 1, 1, 1, 4, 0, 2, 2, 1, 2, 4, 2, 2, 4, 1, 4, 2, 4, 4, 2, 4, 1, 4, 2, 3, 1, 1, 1, 2, 2, 1, 4, 1, 1, 2, 1, 1, 4, 4, 0, 0, 4, 1, 2, 2, 1, 1, 2, 4, 0, 2, 1, 2, 1, 4, 2, 2, 2, 4, 2, 1, 4, 2, 4, 2, 2, 1, 2, 4, 1, 2, 1, 4, 4, 2, 3, 4, 2, 1, 0, 2, 2, 4, 2, 2, 2, 4, 2, 2, 4, 2, 1, 4, 1, 1]
DS5 : [2, 2, 4, 2, 2, 4, 4, 4, 4, 2, 3, 4, 4, 4, 4, 1, 2, 4, 1, 2, 1, 0, 4, 0, 0, 1, 1, 1, 4, 1, 0, 3, 1, 4, 2, 1, 3, 3, 0, 1, 2, 0, 4, 4, 2, 3, 1, 0, 1, 2, 4, 2, 2, 4, 1, 1, 4, 0, 4, 2, 4, 2, 1, 2, 2, 2, 2, 2, 1, 4, 0, 1, 0, 1, 1, 1, 4, 4, 0, 1, 3, 1, 1, 1, 1, 1, 1, 1, 1, 4, 0, 0, 3, 2, 2, 2, 1, 1, 2, 1, 2, 2, 3, 2, 1, 2, 4, 0, 2, 2, 0, 4, 0, 4, 4, 0, 1, 1, 4, 0, 1, 0, 4, 1, 0, 2, 4, 3, 1, 1, 2, 1, 4, 2, 3, 2, 2, 3, 2, 4, 1, 2, 1, 3, 3, 2, 2, 1, 4, 3, 1, 1, 2, 2, 0, 1, 4, 0, 0, 2, 2, 3, 2, 2, 1, 2, 1, 2, 2, 1, 2, 1, 0, 3, 0, 1, 2, 3, 1, 0, 2, 3, 2, 2, 2, 2, 2, 0, 0, 1, 4, 2, 1, 1, 2, 0, 1, 4, 3, 2]
DS6 : [2, 2, 4, 2, 2, 4, 1, 2, 2, 1, 2, 2, 1, 2, 4, 1, 4, 0, 1, 2, 3, 3, 2, 2, 1, 4, 3, 1, 1, 2, 2, 3, 1, 4, 2, 3, 4, 3, 4, 1, 1, 1, 2, 2, 4, 4, 2, 2, 1, 1, 2, 1, 2, 2, 1, 1, 2, 4, 2, 4, 1, 2, 3, 2, 1, 4, 3, 1, 1, 1, 3, 1, 1, 1, 4, 1, 2, 4, 2, 2, 1, 4, 1, 2, 4, 3, 4, 1, 4, 4, 3, 2, 1, 1, 1, 2, 2, 0, 1, 2, 2, 4, 0, 2, 3, 4, 2, 2, 2, 1, 2, 2, 1, 2, 1, 1, 1, 1, 2, 2, 2, 3, 2, 1, 2, 1, 2, 1, 2, 0, 1, 2, 4, 1, 4, 2, 4, 3, 1, 4, 3, 1, 2, 1, 2, 1, 1, 2, 1, 1, 1, 2, 3, 1, 2, 4, 4, 0, 0, 1, 1, 4, 3, 2, 4, 2, 2, 1, 4, 4, 4, 3, 1, 1, 1, 2, 2, 2, 2, 1, 2, 2, 2, 0, 1, 1, 3, 2, 1, 2, 2, 1, 1, 3, 4, 3, 2, 1, 1, 2]
DS7 : [1, 4, 2, 1, 2, 2, 3, 1, 0, 4, 4, 4, 2, 2, 2, 3, 1, 4, 4, 2, 0, 4, 1, 1, 2, 2, 4, 4, 4, 3, 1, 2, 1, 2, 2, 0, 4, 1, 0, 3, 2, 4, 2, 1, 1, 2, 2, 1, 4, 2, 4, 1, 2, 4, 2, 1, 2, 2, 4, 4, 3, 1, 1, 2, 2, 2, 4, 2, 2, 4, 1, 1, 2, 1, 4, 2, 1, 2, 1, 3, 2, 2, 4, 2, 4, 4, 4, 4, 4, 1, 1, 1, 1, 1, 2, 2, 2, 2, 4, 1, 2, 2, 1, 2, 1, 2, 4, 1, 1, 1, 2, 4, 1, 2, 4, 3, 4, 2, 1, 2, 4, 1, 3, 2, 4, 4, 4, 2, 1, 0, 3, 3, 4, 1, 1, 2, 1, 4, 2, 4, 1, 2, 3, 2, 4, 2, 4, 1, 1, 4, 1, 3, 4, 1, 1, 1, 4, 2, 1, 2, 2, 4, 1, 4, 0, 2, 4, 4, 2, 1, 1, 4, 1, 1, 4, 2, 4, 4, 1, 4, 2, 2, 1, 1, 4, 4, 1, 2, 0, 2, 4, 2, 2, 2, 2, 1, 1, 2, 1, 1]
DS8 : [2, 2, 0, 1, 4, 1, 1, 4, 2, 4, 1, 1, 1, 1, 1, 2, 3, 3, 1, 2, 2, 4, 1, 1, 2, 1, 1, 2, 4, 2, 1, 3, 4, 2, 1, 4, 1, 1, 1, 1, 2, 1, 3, 1, 2, 1, 4, 2, 4, 4, 1, 2, 1, 1, 4, 4, 4, 2, 1, 3, 3, 1, 2, 1, 4, 3, 1, 2, 3, 3, 2, 1, 1, 1, 4, 2, 4, 3, 2, 3, 2, 4, 4, 3, 3, 1, 1, 1, 4, 0, 2, 3, 4, 4, 4, 1, 3, 2, 1, 4, 4, 3, 2, 3, 2, 3, 3, 1, 2, 1, 4, 2, 3, 1, 1, 3, 4, 4, 1, 4, 2, 1, 4, 2, 2, 1, 1, 1, 2, 1, 4, 1, 4, 2, 0, 1, 3, 1, 2, 4, 1, 3, 4, 3, 1, 1, 1, 4, 2, 2, 4, 2, 2, 1, 2, 3, 2, 4, 2, 1, 1, 1, 3, 3, 4, 2, 4, 2, 4, 1, 4, 2, 4, 4, 3, 4, 3, 3, 4, 1, 3, 2, 1, 2, 1, 1, 2, 1, 2, 1, 2, 3, 1, 2, 3, 3, 2, 2, 1, 1, 2, 2, 4, 1, 2, 1, 4, 2, 2, 1, 3, 1, 1, 4, 1, 2, 2, 4, 4, 2, 4, 1, 4, 3, 4, 4, 3, 4, 2, 4, 4, 2, 1, 1, 2, 4, 2, 2, 4, 0, 2, 2, 3, 2, 2, 1, 2, 1, 2, 2, 3, 3, 1, 1, 1, 1, 4, 2, 4, 4, 4, 2, 1, 4, 4, 4, 4, 1, 4, 4, 4, 1, 2, 4, 1, 2, 2, 2, 1, 4, 1, 4, 1, 3, 4, 3, 4, 1, 4, 2, 3, 1, 2, 4, 1, 3, 1, 1, 1, 2]
