 --- RESULTS --- 
Dataset topology:  1
Runs per dataset:  1
Algorithm:  Simulated Annealing
Operators:  [<function upgradeCells at 0x7f01bf4ce0e0>, <function downgradeCells at 0x7f01bf4ce170>]
Initial deployment:  True
Notes:  T_ini = 6, T_end = 0.0001, alpha = 0.999, n_neighbors = 3 

DS1_U : [2.7870929417355077, 0.0, 0.964, 1400.0, 30.57536017918354, 133.46804451942444]
DS2_U : [2.892304714046772, 0.0, 0.994, 1600.0, 46.64194163106861, 247.7666459083557]
DS3_U : [2.890244033389367, 0.0, 0.9935, 1599.0, 114.98782436398311, 487.31452775001526]
DS4_U : [2.629685911814856, 0.0, 0.9015, 4377.0, 34.47239990054681, 533.2650434970856]
DS5_U : [2.794488612917856, 0.0, 0.945, 4779.0, 59.80790018156242, 1065.9944956302643]
DS6_U : [2.7866183974172554, 0.0, 0.9375, 4753.0, 124.20361497886879, 2040.7296862602234]
DS7_U : [2.5792427867288836, 0.0, 0.87275, 9183.0, 78.33741264833073, 2024.670575618744]
DS8_U : [2.7120447828654264, 0.0, 0.93075, 10262.0, 113.2041343433092, 3374.9635133743286]

--- BEST FOUND SOLUTIONS --- 

DS1_U : [0, 0, 0, 0, 4, 0, 0, 0, 0, 0, 0, 4, 0, 0, 0, 0, 0, 4, 0, 0, 0, 0, 0, 4, 4, 0, 4, 0, 0, 0, 0, 0, 0, 0, 0, 0, 0, 0, 4, 0, 0, 0, 4, 0, 0, 0, 0, 0, 0, 0]
DS2_U : [4, 0, 0, 0, 0, 0, 0, 0, 0, 0, 0, 0, 0, 0, 0, 0, 0, 0, 0, 0, 0, 0, 3, 0, 0, 0, 0, 0, 0, 0, 0, 0, 4, 0, 0, 0, 0, 0, 0, 0, 0, 0, 4, 0, 0, 0, 4, 0, 0, 0, 0, 0, 4, 0, 0, 0, 0, 0, 0, 0, 0, 0, 0, 4, 0, 0, 0, 0, 0, 0, 0, 0, 0, 0, 0, 4, 0, 0, 0, 0, 0, 0, 0, 0, 0, 0, 0, 0, 0, 4, 0, 0, 0, 0, 0, 0, 0, 0, 0, 4]
DS3_U : [0, 0, 0, 0, 0, 0, 0, 4, 0, 0, 0, 2, 0, 0, 1, 4, 0, 0, 0, 0, 0, 0, 0, 0, 0, 0, 0, 0, 0, 0, 0, 0, 0, 0, 1, 0, 4, 0, 2, 0, 1, 0, 0, 0, 0, 4, 0, 0, 0, 0, 0, 0, 0, 0, 2, 0, 0, 1, 0, 0, 0, 0, 0, 0, 0, 0, 4, 0, 0, 0, 0, 0, 0, 0, 0, 0, 0, 0, 0, 0, 0, 0, 0, 0, 4, 0, 0, 0, 0, 0, 0, 4, 0, 0, 4, 4, 2, 0, 0, 0]
DS4_U : [0, 4, 0, 0, 0, 0, 1, 0, 4, 0, 1, 0, 4, 0, 0, 0, 0, 0, 0, 0, 0, 4, 0, 0, 0, 0, 0, 4, 4, 0, 0, 0, 4, 0, 4, 0, 4, 4, 4, 0, 4, 0, 4, 4, 4, 0, 0, 0, 4, 0, 0, 0, 0, 4, 0, 0, 0, 0, 0, 4, 0, 4, 0, 0, 0, 4, 0, 0, 0, 0, 4, 0, 0, 0, 0, 0, 4, 0, 0, 4, 4, 0, 0, 0, 0, 0, 0, 0, 0, 0, 0, 0, 0, 0, 0, 0, 0, 0, 4, 0]
DS5_U : [0, 1, 4, 0, 4, 0, 0, 0, 0, 0, 0, 0, 4, 0, 0, 0, 0, 4, 3, 4, 0, 0, 0, 0, 0, 0, 4, 0, 0, 4, 0, 3, 0, 0, 0, 0, 0, 0, 0, 0, 0, 4, 0, 0, 0, 4, 0, 0, 0, 1, 0, 0, 0, 0, 0, 0, 0, 0, 0, 0, 0, 0, 4, 0, 0, 0, 0, 0, 0, 0, 0, 0, 0, 0, 0, 0, 0, 0, 0, 0, 0, 0, 0, 0, 4, 0, 4, 0, 0, 0, 0, 0, 0, 0, 4, 0, 0, 0, 0, 0, 0, 0, 0, 0, 0, 0, 0, 0, 0, 0, 0, 4, 0, 0, 0, 0, 0, 4, 4, 4, 0, 0, 0, 0, 4, 0, 0, 0, 0, 0, 0, 0, 0, 0, 0, 0, 0, 0, 0, 0, 0, 0, 0, 1, 0, 0, 4, 0, 0, 0, 4, 0, 0, 0, 0, 0, 0, 0, 0, 4, 0, 0, 0, 0, 0, 0, 0, 4, 0, 0, 0, 0, 0, 4, 0, 0, 0, 0, 0, 4, 4, 0, 1, 0, 0, 0, 0, 0, 0, 0, 4, 0, 0, 0, 4, 0, 0, 0, 0, 0]
DS6_U : [4, 0, 0, 0, 3, 4, 0, 0, 0, 0, 4, 0, 0, 0, 0, 1, 0, 0, 4, 0, 0, 0, 0, 0, 0, 4, 4, 0, 0, 1, 0, 0, 0, 0, 0, 0, 0, 4, 0, 0, 0, 0, 0, 0, 0, 0, 0, 0, 0, 4, 0, 0, 0, 0, 0, 0, 0, 0, 0, 0, 0, 0, 0, 0, 0, 0, 0, 0, 0, 0, 0, 0, 0, 0, 0, 0, 0, 4, 0, 0, 0, 0, 0, 0, 0, 0, 0, 4, 0, 0, 0, 0, 0, 0, 0, 0, 0, 0, 0, 0, 0, 0, 0, 0, 0, 0, 0, 0, 0, 0, 0, 0, 4, 0, 0, 0, 0, 0, 0, 4, 4, 0, 0, 0, 0, 0, 0, 0, 4, 4, 4, 4, 0, 0, 0, 0, 0, 0, 0, 0, 0, 0, 0, 0, 0, 4, 0, 0, 0, 0, 0, 0, 0, 0, 0, 4, 4, 0, 0, 0, 0, 0, 0, 1, 4, 0, 0, 0, 0, 4, 0, 0, 0, 0, 0, 0, 0, 0, 4, 0, 0, 0, 4, 0, 0, 0, 0, 0, 0, 4, 0, 4, 0, 0, 0, 0, 4, 0, 0, 0]
DS7_U : [0, 4, 0, 0, 3, 1, 4, 4, 1, 0, 4, 0, 0, 0, 0, 0, 0, 4, 0, 4, 0, 4, 0, 4, 4, 0, 4, 0, 0, 0, 0, 0, 0, 0, 0, 0, 0, 0, 0, 4, 0, 0, 0, 0, 0, 0, 4, 0, 0, 4, 0, 0, 4, 4, 0, 4, 3, 0, 0, 4, 4, 0, 0, 0, 0, 0, 0, 0, 0, 0, 0, 0, 0, 0, 0, 0, 0, 0, 0, 4, 0, 0, 4, 4, 1, 4, 0, 0, 0, 4, 0, 0, 0, 4, 0, 4, 0, 0, 0, 4, 4, 0, 0, 4, 0, 0, 0, 0, 4, 0, 0, 4, 0, 0, 0, 0, 0, 0, 1, 0, 0, 0, 0, 0, 0, 0, 0, 0, 4, 0, 0, 4, 0, 4, 0, 4, 0, 0, 0, 4, 1, 4, 0, 0, 0, 0, 0, 1, 4, 4, 0, 0, 4, 0, 4, 0, 0, 4, 0, 4, 0, 4, 0, 0, 0, 0, 4, 4, 3, 4, 0, 4, 1, 0, 4, 0, 4, 4, 0, 0, 0, 1, 0, 0, 4, 0, 4, 0, 0, 0, 0, 0, 0, 0, 0, 0, 0, 0, 0, 0]
DS8_U : [0, 0, 0, 1, 4, 4, 4, 4, 1, 4, 2, 1, 4, 0, 0, 4, 0, 0, 0, 0, 0, 2, 0, 0, 0, 4, 2, 0, 0, 0, 0, 0, 0, 0, 0, 0, 0, 0, 4, 0, 0, 1, 4, 0, 2, 0, 0, 0, 4, 0, 0, 0, 0, 1, 4, 0, 0, 0, 4, 0, 0, 0, 0, 0, 0, 0, 4, 0, 4, 0, 0, 0, 0, 1, 0, 0, 4, 1, 0, 0, 0, 0, 0, 0, 0, 0, 0, 0, 1, 0, 3, 0, 4, 0, 4, 0, 0, 0, 0, 0, 0, 4, 0, 0, 4, 0, 0, 0, 0, 0, 0, 0, 0, 1, 1, 0, 4, 0, 0, 4, 2, 1, 0, 4, 0, 0, 0, 4, 0, 0, 0, 0, 0, 4, 0, 0, 0, 0, 4, 0, 4, 0, 0, 2, 0, 0, 0, 0, 0, 0, 4, 0, 0, 4, 4, 4, 4, 0, 0, 0, 0, 0, 3, 0, 0, 0, 4, 0, 0, 0, 0, 0, 0, 0, 0, 1, 0, 0, 0, 0, 0, 0, 0, 4, 1, 1, 0, 0, 0, 0, 4, 0, 0, 2, 4, 0, 0, 4, 0, 0, 4, 0, 0, 0, 0, 0, 0, 0, 4, 4, 4, 4, 4, 4, 0, 0, 0, 0, 4, 0, 0, 0, 1, 0, 4, 0, 0, 0, 0, 4, 0, 2, 4, 0, 4, 4, 0, 0, 0, 0, 0, 0, 1, 0, 0, 0, 0, 0, 0, 0, 4, 0, 4, 0, 4, 0, 0, 0, 0, 0, 0, 0, 0, 0, 0, 4, 0, 4, 0, 0, 0, 0, 0, 0, 0, 4, 0, 0, 0, 1, 0, 0, 4, 0, 0, 0, 4, 0, 0, 0, 0, 0, 0, 0, 0, 0, 0, 0, 2, 0]
