 --- RESULTS --- 
Runs per dataset:  10
Notes:  Complete test, comparison new operators for LS 

DS1 : [2.7886036702521464, 0.004820646479970894, 0.9631999999999998, 1365.0, 37.78295829483848, 15.026782727241516]
DS2 : [2.897030308515752, 0.004792272301569384, 0.9959, 1568.0, 45.5994019545811, 23.123711395263673]
DS3 : [2.8891411948884653, 0.009101939159030719, 0.9881500000000001, 1562.5, 91.78157767570444, 45.47904868125916]
DS4 : [2.613183386925182, 0.01143518671480544, 0.8838500000000001, 4255.0, 41.909071828471156, 55.762870121002194]
DS5 : [2.794108599154982, 0.008681234497338432, 0.9604499999999998, 5105.0, 76.95337580796418, 95.2703332901001]
DS6 : [2.7901316937850917, 0.006193256213296338, 0.9551000000000001, 5070.5, 161.74046973329996, 191.237824177742]
DS7 : [2.5743144290148123, 0.0072123442559777155, 0.848925, 8658.0, 73.2118385978473, 196.19171392917633]
DS8 : [2.700762546997209, 0.00697039854966026, 0.920225, 10137.7, 127.08310226132963, 290.71915476322175]

--- BEST FOUND SOLUTIONS --- 

DS1 : [0, 0, 0, 0, 0, 3, 0, 0, 0, 0, 0, 0, 0, 0, 0, 4, 0, 4, 0, 4, 0, 0, 0, 4, 4, 0, 0, 0, 0, 0, 4, 0, 0, 0, 0, 0, 0, 0, 0, 0, 3, 0, 4, 4, 0, 0, 0, 0, 0, 0]
DS2 : [4, 0, 0, 0, 0, 0, 0, 3, 0, 0, 0, 0, 0, 0, 0, 0, 0, 0, 0, 0, 0, 0, 0, 0, 0, 0, 4, 0, 0, 0, 0, 0, 0, 0, 0, 0, 0, 3, 0, 0, 0, 0, 0, 0, 4, 0, 0, 0, 0, 0, 0, 0, 0, 0, 0, 0, 0, 0, 0, 0, 0, 0, 0, 0, 0, 0, 0, 4, 0, 4, 3, 0, 0, 0, 0, 0, 0, 0, 0, 0, 0, 0, 0, 0, 4, 0, 0, 0, 0, 0, 0, 0, 0, 0, 0, 0, 0, 4, 0, 4]
DS3 : [0, 3, 0, 0, 0, 0, 0, 0, 0, 0, 0, 0, 0, 0, 0, 0, 4, 0, 0, 0, 0, 0, 0, 0, 0, 0, 0, 0, 0, 4, 0, 0, 4, 0, 4, 0, 0, 0, 0, 0, 0, 0, 0, 0, 0, 4, 4, 0, 0, 0, 0, 0, 0, 0, 0, 0, 0, 0, 0, 0, 0, 0, 0, 0, 0, 0, 0, 0, 0, 0, 0, 0, 0, 0, 0, 0, 0, 3, 0, 0, 0, 0, 0, 0, 0, 0, 0, 4, 0, 0, 0, 4, 0, 0, 0, 0, 0, 0, 0, 4]
DS4 : [0, 4, 0, 0, 0, 0, 0, 0, 4, 0, 0, 0, 0, 0, 0, 0, 0, 0, 0, 4, 0, 0, 3, 0, 4, 0, 0, 4, 0, 0, 0, 0, 0, 4, 4, 4, 0, 4, 0, 0, 0, 4, 0, 4, 0, 0, 0, 0, 4, 0, 4, 0, 4, 0, 0, 0, 0, 0, 0, 0, 4, 0, 0, 0, 0, 4, 0, 0, 0, 0, 0, 0, 4, 0, 0, 4, 4, 0, 0, 0, 4, 0, 0, 0, 4, 4, 3, 0, 0, 0, 4, 0, 0, 0, 4, 0, 0, 4, 3, 4]
DS5 : [3, 0, 0, 0, 0, 0, 0, 0, 4, 0, 0, 0, 0, 0, 0, 4, 4, 0, 0, 0, 0, 0, 0, 0, 0, 0, 0, 0, 0, 0, 0, 4, 0, 4, 4, 0, 0, 0, 0, 0, 0, 0, 0, 0, 0, 0, 0, 0, 0, 0, 0, 4, 0, 0, 0, 0, 4, 0, 4, 0, 0, 0, 0, 0, 0, 0, 0, 0, 0, 0, 0, 4, 0, 0, 0, 0, 0, 0, 0, 0, 0, 0, 0, 0, 4, 0, 0, 0, 0, 0, 0, 0, 0, 0, 0, 0, 0, 0, 0, 0, 4, 0, 0, 0, 0, 0, 0, 0, 0, 0, 4, 0, 4, 0, 0, 4, 0, 0, 0, 0, 0, 0, 4, 0, 0, 0, 3, 0, 0, 4, 0, 0, 0, 0, 0, 0, 4, 0, 0, 0, 0, 4, 0, 0, 0, 0, 0, 0, 0, 3, 4, 0, 0, 0, 0, 0, 4, 4, 0, 0, 0, 0, 0, 4, 4, 0, 4, 0, 0, 0, 4, 0, 0, 0, 0, 0, 0, 0, 4, 0, 0, 0, 0, 0, 0, 0, 0, 0, 0, 0, 4, 0, 0, 0, 4, 4, 0, 0, 0, 0]
DS6 : [0, 0, 0, 4, 0, 0, 0, 0, 4, 0, 0, 4, 0, 4, 0, 4, 0, 4, 0, 0, 0, 4, 0, 0, 0, 0, 0, 0, 0, 0, 0, 0, 0, 0, 0, 4, 0, 0, 0, 0, 0, 0, 0, 4, 4, 4, 0, 0, 0, 0, 4, 0, 0, 0, 0, 0, 0, 0, 0, 0, 0, 4, 4, 0, 0, 0, 0, 0, 0, 4, 0, 0, 0, 0, 0, 0, 0, 0, 0, 0, 0, 0, 0, 0, 0, 0, 0, 0, 0, 0, 0, 0, 0, 0, 0, 4, 4, 0, 0, 0, 0, 4, 0, 0, 0, 0, 0, 0, 0, 0, 0, 0, 0, 0, 0, 3, 0, 0, 0, 0, 0, 0, 0, 0, 0, 0, 0, 0, 4, 0, 0, 0, 0, 0, 0, 0, 0, 0, 0, 4, 0, 0, 0, 0, 0, 0, 0, 0, 0, 0, 0, 0, 0, 0, 0, 0, 4, 0, 0, 4, 0, 4, 0, 0, 0, 0, 0, 0, 0, 0, 0, 0, 4, 0, 0, 0, 3, 0, 0, 0, 0, 0, 0, 4, 0, 4, 0, 0, 4, 0, 0, 0, 0, 0, 0, 4, 0, 0, 0, 0]
DS7 : [0, 4, 0, 0, 4, 0, 4, 0, 0, 0, 0, 0, 0, 4, 4, 0, 0, 0, 0, 3, 0, 0, 4, 0, 0, 0, 4, 0, 0, 0, 0, 0, 0, 0, 4, 0, 0, 0, 0, 0, 0, 0, 0, 4, 4, 0, 0, 4, 0, 0, 0, 0, 0, 0, 0, 4, 0, 0, 4, 0, 0, 0, 0, 4, 0, 0, 4, 0, 0, 0, 0, 4, 0, 0, 0, 4, 0, 0, 0, 0, 0, 0, 0, 4, 0, 4, 0, 4, 4, 4, 0, 0, 0, 0, 0, 4, 0, 0, 0, 0, 0, 0, 0, 0, 0, 0, 0, 0, 0, 0, 0, 0, 0, 0, 0, 4, 0, 0, 4, 0, 4, 4, 0, 0, 4, 0, 3, 0, 0, 4, 0, 4, 0, 0, 0, 4, 0, 0, 0, 4, 0, 0, 0, 0, 0, 0, 0, 0, 4, 4, 0, 0, 0, 0, 0, 0, 0, 0, 0, 0, 4, 0, 0, 4, 0, 0, 0, 0, 0, 0, 0, 4, 0, 0, 4, 0, 0, 0, 0, 4, 4, 0, 0, 0, 0, 0, 0, 4, 4, 4, 0, 4, 4, 0, 0, 0, 4, 0, 0, 4]
DS8 : [0, 0, 0, 0, 0, 4, 0, 4, 4, 0, 0, 0, 0, 4, 0, 0, 3, 0, 0, 4, 0, 0, 0, 0, 0, 0, 4, 0, 0, 0, 0, 4, 3, 0, 0, 0, 0, 0, 0, 0, 0, 4, 0, 4, 4, 3, 0, 3, 0, 0, 0, 4, 0, 0, 0, 0, 0, 0, 0, 0, 0, 0, 0, 4, 0, 0, 0, 4, 0, 0, 0, 0, 4, 0, 0, 0, 4, 0, 4, 0, 4, 0, 0, 4, 0, 4, 3, 0, 0, 4, 0, 0, 4, 0, 0, 0, 0, 0, 0, 0, 0, 0, 0, 4, 4, 0, 0, 0, 0, 4, 0, 0, 0, 0, 4, 0, 0, 0, 0, 0, 0, 0, 0, 0, 0, 0, 3, 4, 0, 0, 0, 4, 0, 4, 0, 0, 0, 0, 0, 0, 0, 0, 0, 0, 0, 0, 0, 0, 4, 0, 0, 0, 0, 0, 0, 4, 0, 0, 0, 0, 0, 0, 0, 4, 4, 0, 0, 0, 0, 4, 0, 0, 0, 0, 0, 0, 4, 0, 0, 0, 0, 0, 0, 4, 0, 4, 0, 0, 0, 0, 0, 0, 0, 0, 4, 0, 0, 4, 4, 0, 0, 0, 0, 0, 0, 0, 0, 4, 0, 0, 0, 0, 0, 0, 0, 0, 0, 0, 0, 0, 0, 0, 0, 0, 0, 0, 0, 0, 0, 0, 0, 4, 0, 0, 0, 0, 0, 0, 0, 4, 0, 0, 0, 0, 0, 4, 0, 4, 0, 0, 4, 0, 0, 0, 0, 0, 4, 0, 0, 4, 0, 0, 0, 0, 4, 0, 0, 0, 4, 0, 0, 0, 0, 0, 0, 0, 0, 0, 0, 0, 0, 0, 0, 0, 0, 4, 4, 0, 4, 0, 0, 4, 0, 0, 0, 0, 0, 4, 0, 0]
