 --- RESULTS --- 
Dataset topology:  1
Runs per dataset:  10
Algorithm:  ALNS
Operators:  [<function upgradeCells at 0x7fcb3c366050>, <function downgradeCells at 0x7fcb3c3660e0>, <function swapCells at 0x7fcb3c366170>, <function deployConnected at 0x7fcb3c366200>]
Initial deployment:  True
Notes:  Segment = 250, r = 0.05 

DS1_U : [2.7692233553819356, 0.014749593611355825, 0.9498999999999999, 1436.0, 29.951992888288213, 70.55726249217987]
DS2_U : [2.867434541430665, 0.010991628546378326, 0.9798, 1709.0, 66.82024724578332, 136.13151111602784]
DS3_U : [2.874271658587838, 0.008290888341341118, 0.9724999999999999, 1513.5, 113.61477754823827, 264.3988571166992]
DS4_U : [2.5684205590730587, 0.017579482587025064, 0.8250500000000001, 4020.9, 42.67583213437107, 281.81368551254275]
DS5_U : [2.7068665600306785, 0.013753969845286623, 0.9167500000000001, 5756.0, 194.4980219902726, 597.6279714345932]
DS6_U : [2.7092753500908158, 0.016754604407606826, 0.93545, 6043.4, 440.64603441008313, 1196.5024540185927]
DS7_U : [2.4762444342741325, 0.016575278589324702, 0.808075, 9268.7, 168.59810631713404, 1140.7223336935044]
DS8_U : [2.557622335981505, 0.025531689188723297, 0.889625, 12537.2, 454.00833668302056, 1844.3524288177491]

--- BEST FOUND SOLUTIONS --- 

DS1_U : [0, 1, 3, 4, 0, 0, 0, 4, 4, 0, 0, 0, 0, 0, 0, 1, 0, 0, 4, 0, 0, 2, 0, 0, 1, 1, 4, 0, 0, 0, 4, 0, 0, 1, 0, 0, 4, 0, 0, 1, 0, 0, 1, 0, 4, 0, 0, 0, 0, 1]
DS2_U : [1, 0, 0, 1, 1, 0, 0, 0, 2, 0, 4, 4, 0, 0, 0, 1, 0, 1, 0, 0, 0, 2, 0, 0, 0, 0, 0, 0, 0, 0, 4, 3, 0, 0, 0, 1, 0, 4, 0, 0, 0, 0, 0, 1, 2, 0, 0, 0, 2, 4, 0, 0, 0, 0, 0, 4, 0, 1, 0, 0, 0, 1, 1, 0, 4, 0, 0, 4, 1, 4, 1, 0, 1, 0, 0, 0, 0, 0, 0, 0, 0, 0, 0, 2, 0, 0, 0, 0, 0, 0, 2, 0, 0, 0, 0, 1, 0, 0, 0, 0]
DS3_U : [0, 0, 0, 0, 0, 0, 0, 0, 0, 0, 0, 0, 0, 0, 0, 0, 1, 0, 0, 0, 0, 0, 0, 2, 0, 0, 0, 0, 4, 0, 0, 0, 0, 0, 0, 0, 1, 0, 0, 4, 0, 0, 0, 0, 1, 0, 0, 2, 0, 0, 0, 0, 0, 1, 4, 0, 0, 0, 0, 0, 0, 0, 0, 4, 4, 0, 3, 0, 0, 0, 0, 0, 0, 1, 2, 1, 4, 0, 0, 0, 4, 0, 0, 0, 0, 0, 4, 0, 0, 0, 0, 0, 2, 0, 0, 3, 0, 0, 0, 0]
DS4_U : [0, 0, 4, 1, 0, 0, 0, 4, 1, 0, 4, 0, 0, 0, 0, 0, 2, 4, 0, 0, 0, 3, 0, 0, 0, 0, 2, 2, 0, 2, 4, 0, 0, 0, 0, 0, 0, 2, 4, 0, 4, 0, 1, 0, 4, 1, 0, 4, 0, 0, 0, 4, 4, 0, 1, 4, 0, 0, 2, 1, 2, 1, 4, 4, 4, 0, 0, 0, 4, 4, 2, 0, 0, 0, 0, 0, 1, 2, 0, 0, 0, 4, 0, 0, 0, 1, 2, 4, 2, 4, 0, 4, 1, 0, 0, 0, 1, 4, 4, 0]
DS5_U : [0, 2, 3, 0, 0, 0, 0, 0, 0, 0, 3, 0, 0, 1, 0, 1, 1, 4, 0, 3, 3, 3, 3, 4, 0, 0, 0, 3, 0, 3, 4, 0, 0, 4, 0, 1, 0, 0, 0, 0, 0, 0, 0, 2, 0, 0, 4, 0, 0, 0, 2, 0, 0, 4, 0, 4, 0, 2, 1, 0, 0, 0, 0, 3, 4, 0, 0, 0, 4, 0, 0, 2, 3, 0, 2, 4, 2, 4, 1, 0, 1, 0, 2, 0, 0, 1, 1, 0, 4, 2, 1, 1, 2, 2, 0, 4, 4, 3, 0, 2, 0, 2, 4, 0, 1, 0, 4, 4, 2, 0, 0, 0, 4, 3, 0, 0, 0, 0, 1, 3, 0, 0, 0, 0, 4, 0, 0, 0, 4, 1, 0, 4, 1, 0, 4, 1, 0, 0, 0, 2, 3, 4, 4, 0, 0, 4, 1, 0, 1, 1, 0, 0, 0, 0, 2, 2, 2, 2, 2, 0, 0, 2, 2, 0, 0, 1, 0, 4, 0, 4, 2, 0, 0, 4, 0, 0, 2, 0, 0, 0, 0, 0, 0, 1, 1, 3, 0, 4, 0, 0, 1, 3, 3, 0, 0, 0, 0, 0, 1, 0]
DS6_U : [0, 0, 4, 1, 0, 2, 1, 0, 0, 4, 0, 0, 0, 3, 4, 2, 0, 0, 0, 1, 2, 0, 0, 2, 0, 0, 2, 1, 0, 0, 4, 0, 0, 4, 4, 3, 3, 0, 0, 0, 0, 3, 4, 4, 0, 2, 0, 4, 0, 0, 0, 0, 1, 1, 2, 0, 0, 0, 0, 2, 0, 0, 0, 0, 1, 2, 1, 0, 0, 1, 2, 4, 1, 0, 4, 0, 0, 0, 1, 2, 0, 0, 3, 2, 2, 2, 0, 2, 0, 0, 4, 0, 1, 0, 0, 0, 0, 0, 2, 0, 1, 0, 4, 4, 4, 1, 0, 0, 0, 4, 2, 2, 3, 0, 2, 0, 1, 2, 4, 2, 2, 2, 0, 2, 3, 0, 3, 0, 4, 4, 3, 1, 0, 4, 4, 0, 4, 2, 3, 0, 0, 1, 1, 4, 0, 1, 0, 2, 0, 2, 2, 4, 2, 3, 1, 0, 0, 4, 1, 0, 4, 0, 4, 0, 0, 0, 0, 0, 4, 0, 1, 2, 1, 1, 0, 1, 0, 1, 0, 4, 4, 2, 1, 4, 2, 4, 1, 0, 1, 4, 0, 0, 0, 1, 4, 0, 4, 0, 1, 0]
DS7_U : [0, 4, 1, 2, 1, 4, 0, 1, 4, 4, 1, 2, 0, 4, 0, 3, 0, 4, 0, 4, 2, 4, 1, 0, 0, 4, 4, 1, 0, 4, 4, 4, 0, 0, 0, 2, 1, 0, 1, 0, 3, 4, 2, 4, 2, 0, 2, 1, 4, 1, 2, 4, 3, 4, 1, 1, 0, 2, 1, 4, 4, 4, 0, 0, 4, 1, 0, 2, 1, 3, 2, 0, 3, 0, 4, 2, 3, 0, 1, 2, 4, 0, 1, 0, 4, 0, 1, 0, 4, 0, 4, 4, 1, 4, 1, 0, 1, 4, 1, 2, 2, 1, 0, 0, 0, 4, 0, 2, 4, 4, 4, 4, 2, 2, 1, 0, 4, 1, 1, 2, 4, 4, 1, 0, 4, 0, 0, 0, 4, 4, 0, 0, 2, 4, 1, 4, 1, 0, 1, 0, 1, 0, 0, 1, 1, 3, 0, 0, 0, 4, 2, 3, 0, 4, 4, 1, 1, 0, 1, 4, 0, 1, 4, 1, 4, 4, 1, 4, 2, 2, 2, 1, 3, 0, 1, 1, 0, 4, 4, 1, 2, 2, 3, 1, 3, 0, 1, 1, 0, 2, 0, 0, 1, 3, 4, 2, 1, 0, 1, 4]
DS8_U : [0, 4, 2, 3, 0, 4, 0, 3, 2, 0, 2, 1, 1, 1, 1, 4, 4, 0, 4, 4, 1, 1, 0, 1, 2, 2, 3, 2, 4, 0, 1, 4, 0, 3, 0, 4, 1, 1, 4, 2, 1, 1, 0, 0, 0, 1, 0, 2, 1, 0, 2, 4, 0, 3, 4, 3, 0, 4, 4, 0, 3, 0, 2, 3, 1, 4, 4, 2, 4, 4, 0, 2, 4, 1, 2, 1, 4, 2, 2, 4, 2, 1, 1, 4, 4, 0, 4, 2, 2, 4, 4, 2, 4, 3, 4, 1, 3, 1, 1, 3, 2, 2, 4, 4, 3, 3, 2, 1, 4, 1, 0, 0, 2, 3, 1, 4, 3, 1, 2, 4, 0, 1, 4, 3, 0, 1, 0, 4, 1, 2, 4, 1, 1, 4, 3, 0, 3, 4, 0, 3, 0, 2, 2, 2, 0, 2, 0, 0, 0, 2, 3, 1, 4, 0, 0, 4, 1, 2, 0, 3, 0, 3, 1, 3, 0, 1, 4, 4, 4, 1, 0, 1, 0, 3, 2, 1, 0, 0, 4, 1, 3, 4, 4, 1, 2, 4, 2, 1, 4, 1, 0, 0, 0, 1, 0, 4, 0, 2, 4, 0, 1, 2, 1, 4, 3, 2, 1, 1, 1, 4, 0, 3, 4, 4, 2, 3, 0, 4, 4, 0, 4, 0, 2, 2, 1, 1, 3, 1, 0, 1, 2, 0, 0, 4, 4, 3, 1, 0, 0, 4, 0, 0, 0, 1, 0, 3, 4, 3, 0, 1, 4, 0, 1, 0, 4, 1, 3, 2, 3, 4, 3, 0, 3, 3, 0, 0, 1, 0, 0, 4, 2, 2, 0, 1, 0, 4, 0, 0, 1, 0, 0, 2, 2, 1, 0, 3, 4, 2, 4, 2, 2, 0, 4, 2, 4, 2, 1, 4, 0, 4]
