 --- RESULTS --- 
Runs per dataset:  10
Algorithm:  Simulated Annealing
Operators:  [<function upgradeCells at 0x7f4c0a295510>, <function downgradeCells at 0x7f4c0a2955a0>]
Initial deployment:  False
Notes:  Empty initial deployment and two operators 

DS1 : [2.7760310714618663, 0.007052247751261603, 0.9640000000000001, 1436.2, 48.420057973017514, 58.91673178672791]
DS2 : [2.8814140719720283, 0.009145895623937169, 0.9885999999999999, 1677.0, 55.86902968643862, 104.98499221801758]
DS3 : [2.875484077819823, 0.007453183977426491, 0.98505, 1664.4, 136.4708491120594, 213.9137855052948]
DS4 : [2.6039048903865725, 0.009920507931626802, 0.8695499999999999, 4214.1, 37.82172772997508, 203.51282284259796]
DS5 : [2.775698434436651, 0.007478881863582097, 0.9548, 5406.9, 92.48529881386176, 404.5626923561096]
DS6 : [2.7713144425254654, 0.005974665401612403, 0.9415500000000001, 5181.1, 178.6997115928732, 813.235996890068]
DS7 : [2.5512991579514073, 0.005185197719007354, 0.8483499999999999, 9122.9, 97.82462191316297, 768.3526142120361]
DS8 : [2.659597735331464, 0.012553887091872445, 0.9142250000000001, 11125.2, 205.92271682900278, 1158.0607143640518]

--- BEST FOUND SOLUTIONS --- 

DS1 : [0, 0, 0, 0, 0, 0, 0, 0, 4, 0, 0, 4, 0, 4, 0, 0, 0, 0, 1, 0, 0, 0, 0, 0, 0, 0, 0, 0, 0, 4, 0, 0, 0, 3, 0, 0, 0, 0, 0, 0, 0, 0, 0, 4, 0, 4, 0, 4, 4, 1]
DS2 : [0, 0, 0, 0, 2, 0, 3, 0, 0, 0, 0, 0, 0, 0, 0, 0, 0, 0, 0, 0, 0, 0, 1, 0, 0, 0, 4, 0, 0, 0, 0, 1, 0, 0, 0, 0, 4, 0, 0, 0, 0, 1, 0, 0, 0, 0, 0, 0, 0, 0, 0, 0, 0, 1, 0, 0, 1, 0, 0, 4, 0, 2, 0, 0, 0, 0, 0, 0, 0, 0, 0, 0, 0, 4, 0, 0, 4, 0, 0, 0, 4, 0, 0, 4, 4, 4, 0, 4, 0, 0, 0, 0, 0, 0, 1, 0, 0, 0, 0, 0]
DS3 : [0, 0, 0, 0, 0, 0, 0, 0, 0, 0, 0, 0, 0, 0, 0, 0, 0, 0, 0, 0, 0, 0, 0, 4, 0, 0, 0, 0, 0, 0, 0, 0, 0, 0, 0, 0, 0, 0, 0, 0, 0, 0, 0, 4, 0, 4, 0, 4, 0, 0, 0, 4, 0, 0, 0, 0, 0, 0, 0, 0, 0, 0, 0, 0, 0, 0, 0, 0, 4, 0, 0, 0, 0, 4, 0, 0, 4, 0, 0, 0, 0, 0, 0, 4, 0, 0, 0, 4, 0, 0, 0, 0, 0, 0, 0, 0, 0, 0, 0, 0]
DS4 : [0, 0, 0, 0, 0, 0, 0, 0, 0, 0, 0, 0, 0, 4, 0, 0, 0, 0, 0, 0, 4, 4, 4, 0, 0, 2, 0, 4, 0, 4, 4, 0, 2, 0, 0, 1, 2, 0, 0, 2, 1, 0, 0, 4, 4, 0, 4, 4, 0, 0, 0, 0, 0, 0, 0, 4, 0, 0, 0, 4, 2, 0, 4, 0, 0, 4, 0, 0, 0, 4, 0, 0, 0, 4, 4, 0, 0, 0, 4, 0, 4, 4, 0, 0, 0, 0, 0, 0, 0, 0, 1, 4, 0, 0, 0, 1, 4, 0, 0, 0]
DS5 : [0, 0, 4, 0, 0, 4, 0, 4, 0, 0, 0, 0, 0, 0, 0, 0, 0, 4, 0, 0, 1, 1, 2, 0, 0, 0, 0, 4, 0, 3, 2, 0, 0, 0, 0, 0, 0, 4, 0, 2, 0, 0, 0, 0, 0, 0, 0, 2, 4, 0, 4, 0, 1, 0, 0, 0, 4, 0, 4, 4, 0, 0, 0, 0, 0, 0, 2, 3, 0, 4, 0, 0, 0, 0, 4, 2, 0, 0, 0, 0, 4, 0, 1, 0, 0, 1, 0, 4, 4, 4, 0, 0, 0, 0, 3, 0, 4, 1, 2, 2, 0, 0, 0, 0, 0, 0, 3, 0, 0, 4, 0, 4, 0, 0, 4, 1, 0, 0, 0, 0, 0, 0, 4, 4, 0, 0, 2, 1, 0, 0, 0, 2, 0, 3, 0, 2, 0, 0, 0, 0, 0, 0, 0, 0, 0, 1, 0, 0, 0, 0, 4, 0, 0, 0, 0, 0, 1, 2, 1, 1, 0, 0, 0, 0, 0, 4, 0, 0, 0, 0, 0, 0, 4, 0, 0, 3, 0, 0, 0, 0, 0, 2, 0, 0, 0, 0, 4, 4, 0, 0, 0, 0, 0, 1, 0, 0, 4, 4, 1, 0]
DS6 : [0, 1, 4, 1, 0, 0, 1, 0, 0, 0, 0, 4, 0, 0, 0, 4, 0, 0, 1, 0, 0, 0, 0, 2, 0, 0, 0, 0, 1, 2, 0, 4, 1, 2, 4, 4, 0, 0, 0, 2, 3, 2, 0, 1, 0, 1, 0, 0, 4, 0, 0, 4, 1, 1, 0, 1, 0, 1, 4, 1, 1, 4, 4, 0, 0, 0, 0, 1, 0, 2, 0, 0, 0, 1, 1, 2, 0, 1, 0, 0, 0, 0, 4, 4, 4, 0, 0, 1, 0, 0, 0, 0, 0, 0, 0, 1, 4, 0, 0, 0, 0, 0, 0, 0, 2, 4, 1, 2, 0, 0, 4, 4, 0, 4, 0, 4, 0, 0, 0, 0, 0, 0, 0, 0, 0, 0, 0, 0, 0, 4, 0, 0, 0, 0, 0, 0, 0, 2, 0, 4, 0, 0, 0, 4, 0, 1, 0, 0, 0, 4, 0, 0, 0, 0, 0, 0, 0, 0, 1, 0, 4, 1, 0, 2, 0, 0, 0, 4, 0, 0, 0, 0, 0, 0, 2, 0, 2, 4, 0, 4, 0, 1, 0, 4, 0, 0, 0, 0, 0, 0, 4, 0, 0, 0, 2, 0, 0, 0, 0, 1]
DS7 : [4, 4, 2, 4, 4, 0, 4, 0, 1, 4, 1, 0, 0, 4, 0, 0, 0, 0, 0, 0, 0, 1, 2, 0, 0, 4, 0, 0, 1, 4, 4, 0, 4, 0, 0, 4, 4, 0, 0, 1, 0, 3, 1, 4, 2, 0, 4, 0, 0, 4, 4, 0, 0, 0, 0, 4, 4, 0, 1, 4, 4, 1, 0, 2, 4, 4, 0, 0, 0, 0, 0, 0, 4, 0, 0, 0, 0, 0, 0, 0, 0, 4, 2, 0, 1, 4, 0, 0, 4, 0, 4, 4, 0, 0, 1, 0, 0, 4, 0, 1, 0, 2, 0, 1, 4, 4, 0, 0, 0, 4, 0, 4, 0, 0, 0, 3, 1, 0, 4, 0, 0, 0, 3, 0, 0, 2, 0, 0, 0, 4, 0, 0, 0, 4, 1, 4, 0, 4, 4, 0, 0, 0, 4, 0, 0, 2, 4, 0, 4, 0, 0, 4, 0, 1, 0, 4, 0, 0, 0, 0, 3, 0, 4, 0, 1, 0, 4, 2, 0, 4, 0, 1, 0, 0, 0, 0, 0, 0, 1, 0, 1, 2, 4, 0, 0, 0, 0, 0, 4, 2, 0, 2, 0, 4, 0, 0, 0, 0, 0, 0]
DS8 : [0, 4, 0, 1, 3, 4, 0, 1, 0, 0, 0, 0, 0, 0, 1, 0, 4, 4, 0, 1, 2, 2, 4, 1, 0, 1, 2, 4, 4, 4, 3, 0, 2, 0, 4, 4, 0, 1, 0, 0, 0, 4, 4, 2, 0, 0, 1, 0, 1, 0, 0, 2, 0, 4, 0, 0, 0, 0, 4, 3, 0, 4, 3, 0, 0, 1, 0, 0, 1, 0, 4, 4, 3, 0, 0, 1, 2, 0, 0, 2, 2, 4, 3, 1, 3, 4, 2, 0, 4, 0, 1, 2, 4, 0, 0, 0, 4, 0, 1, 1, 0, 4, 0, 0, 3, 4, 0, 1, 1, 0, 1, 4, 3, 0, 1, 0, 2, 1, 4, 1, 4, 1, 0, 0, 4, 0, 0, 1, 0, 4, 4, 0, 4, 0, 2, 4, 0, 0, 1, 0, 4, 0, 2, 1, 0, 4, 2, 0, 0, 4, 4, 3, 0, 0, 2, 4, 0, 0, 1, 0, 2, 1, 4, 0, 0, 0, 3, 4, 4, 0, 0, 0, 3, 0, 1, 0, 4, 0, 1, 0, 4, 2, 0, 0, 0, 0, 1, 0, 0, 0, 0, 0, 0, 3, 4, 2, 0, 3, 0, 0, 0, 0, 1, 4, 1, 0, 0, 0, 0, 0, 1, 0, 2, 1, 0, 1, 0, 4, 1, 0, 0, 0, 0, 1, 0, 4, 0, 0, 1, 4, 0, 2, 4, 0, 0, 4, 1, 0, 0, 0, 0, 2, 0, 0, 0, 0, 2, 0, 0, 1, 2, 0, 2, 1, 0, 1, 0, 1, 0, 2, 0, 0, 2, 2, 0, 4, 0, 0, 4, 1, 0, 4, 4, 4, 4, 4, 0, 0, 2, 0, 4, 4, 0, 2, 0, 0, 4, 1, 0, 0, 4, 0, 3, 1, 4, 3, 0, 0, 2, 4]
