 --- RESULTS --- 
Runs per dataset:  10
DS1 : [0.9241116963945523, 0.002942174017954097, 0.9419000000000001, 0.8470285714285714, 0.9834065177550849, 87.60620946884156]
DS2 : [0.9596933793884155, 0.0032248186955147946, 0.9907, 0.8994285714285715, 0.988951566736675, 162.99333369731903]
DS3 : [0.9563545594783609, 0.003971367688485182, 0.9886000000000001, 0.8987142857142858, 0.9817493927207975, 321.122634601593]
DS4 : [0.8707142100144962, 0.004914305874476857, 0.8926000000000001, 0.7398571428571429, 0.9796854871863456, 326.0004370689392]
DS5 : [0.9370163783691975, 0.0027516364676003187, 0.9763500000000003, 0.8390714285714285, 0.995627706536164, 650.1973661899567]
DS6 : [0.9348363900746272, 0.0023939814788062207, 0.972425, 0.8395571428571429, 0.992527027366739, 1254.5121383666992]
DS7 : [0.8701294502347675, 0.0017458667675131284, 0.8972749999999999, 0.7163571428571428, 0.9967562078471597, 1267.3424561023712]
DS8 : [0.9068469281311801, 0.0017215048537278135, 0.943575, 0.7902857142857143, 0.986680070107826, 1884.0064388990402]

--- BEST FOUND SOLUTIONS --- 

DS1 : [0, 0, 0, 0, 0, 0, 0, 0, 0, 0, 0, 0, 4, 0, 0, 4, 0, 0, 0, 0, 3, 0, 0, 0, 0, 0, 0, 3, 0, 0, 0, 0, 3, 0, 0, 4, 0, 3, 0, 0, 0, 0, 0, 4, 0, 4, 0, 4, 4, 3]
DS2 : [4, 0, 0, 0, 0, 4, 4, 0, 0, 0, 0, 0, 0, 0, 0, 0, 3, 0, 0, 0, 0, 4, 3, 0, 0, 0, 0, 4, 0, 0, 0, 0, 0, 0, 0, 0, 0, 0, 0, 0, 0, 0, 0, 0, 0, 0, 0, 0, 0, 0, 0, 0, 0, 0, 0, 4, 0, 0, 0, 0, 0, 0, 0, 0, 4, 4, 0, 0, 0, 0, 0, 0, 0, 0, 0, 0, 0, 0, 0, 4, 0, 4, 0, 4, 0, 0, 0, 0, 0, 0, 0, 0, 0, 0, 0, 0, 0, 0, 0, 0]
DS3 : [0, 3, 0, 0, 4, 0, 0, 0, 0, 0, 4, 0, 3, 0, 0, 0, 4, 0, 0, 0, 0, 0, 0, 0, 0, 0, 3, 0, 0, 0, 0, 0, 0, 0, 0, 0, 0, 0, 0, 0, 4, 3, 4, 0, 0, 0, 0, 4, 0, 0, 0, 4, 0, 0, 0, 3, 0, 0, 0, 0, 3, 0, 0, 0, 0, 0, 3, 0, 0, 4, 0, 0, 0, 0, 0, 0, 0, 0, 0, 0, 0, 0, 0, 0, 0, 0, 0, 0, 0, 4, 0, 0, 0, 0, 0, 0, 0, 0, 0, 0]
DS4 : [0, 4, 0, 0, 0, 4, 0, 0, 0, 0, 0, 0, 0, 0, 0, 0, 4, 0, 0, 4, 0, 0, 0, 0, 0, 0, 0, 4, 0, 0, 4, 0, 0, 4, 4, 4, 0, 0, 0, 0, 0, 0, 0, 0, 0, 0, 0, 0, 4, 0, 0, 0, 4, 0, 0, 0, 0, 0, 0, 4, 4, 0, 0, 3, 0, 0, 4, 0, 4, 4, 0, 0, 4, 0, 0, 4, 4, 0, 0, 4, 4, 0, 0, 4, 0, 0, 3, 0, 0, 4, 0, 0, 0, 0, 0, 0, 0, 4, 3, 4]
DS5 : [0, 0, 0, 4, 0, 0, 0, 0, 0, 0, 4, 0, 0, 0, 0, 0, 4, 0, 4, 0, 0, 0, 0, 0, 0, 0, 0, 0, 3, 0, 0, 4, 0, 0, 0, 0, 4, 0, 0, 0, 4, 0, 0, 0, 0, 4, 0, 0, 0, 0, 4, 4, 0, 3, 0, 0, 0, 0, 0, 3, 0, 0, 3, 0, 4, 0, 0, 4, 0, 0, 4, 4, 0, 0, 0, 0, 4, 0, 0, 0, 3, 0, 0, 0, 0, 0, 4, 0, 0, 0, 3, 4, 0, 0, 0, 0, 4, 0, 0, 0, 0, 0, 0, 0, 0, 3, 0, 0, 0, 4, 0, 0, 0, 0, 3, 0, 0, 0, 0, 0, 0, 0, 0, 4, 0, 0, 0, 0, 0, 3, 4, 0, 4, 0, 0, 4, 0, 0, 0, 0, 0, 0, 0, 4, 0, 0, 0, 0, 4, 0, 0, 0, 0, 0, 0, 0, 4, 0, 0, 4, 3, 0, 0, 0, 0, 4, 4, 3, 0, 0, 0, 0, 4, 0, 0, 0, 0, 0, 0, 0, 0, 0, 0, 0, 0, 0, 0, 0, 0, 3, 0, 4, 0, 0, 4, 0, 0, 4, 0, 0]
DS6 : [0, 0, 0, 0, 0, 0, 0, 0, 0, 0, 0, 0, 0, 0, 0, 4, 0, 4, 0, 0, 0, 0, 0, 0, 0, 4, 0, 0, 4, 0, 0, 0, 0, 0, 0, 0, 0, 0, 0, 0, 0, 0, 0, 0, 3, 0, 0, 0, 0, 0, 4, 0, 3, 0, 0, 0, 4, 0, 0, 0, 0, 0, 4, 0, 4, 0, 0, 0, 0, 4, 0, 4, 0, 4, 0, 0, 3, 4, 0, 0, 4, 3, 0, 4, 0, 4, 0, 3, 4, 4, 0, 0, 3, 3, 0, 0, 0, 0, 0, 3, 0, 0, 0, 0, 0, 0, 0, 3, 0, 0, 0, 0, 0, 0, 4, 0, 0, 4, 0, 0, 0, 3, 0, 0, 0, 0, 0, 0, 0, 0, 0, 0, 0, 0, 0, 0, 0, 0, 4, 4, 0, 4, 0, 0, 0, 0, 3, 0, 0, 0, 0, 0, 4, 0, 0, 0, 0, 0, 0, 0, 4, 0, 0, 4, 4, 3, 0, 0, 0, 0, 0, 0, 0, 0, 0, 0, 0, 0, 0, 0, 0, 0, 0, 4, 0, 0, 0, 4, 0, 0, 0, 0, 4, 0, 3, 4, 4, 0, 0, 0]
DS7 : [0, 0, 0, 4, 3, 0, 4, 0, 0, 0, 3, 4, 0, 0, 4, 0, 0, 0, 0, 4, 0, 0, 4, 0, 0, 4, 4, 4, 4, 0, 4, 0, 4, 0, 3, 0, 0, 0, 0, 4, 4, 0, 0, 0, 4, 4, 0, 3, 4, 0, 4, 0, 0, 4, 0, 0, 0, 0, 0, 0, 4, 0, 4, 3, 4, 0, 0, 0, 0, 0, 0, 0, 4, 0, 4, 0, 0, 0, 0, 0, 0, 4, 4, 0, 4, 0, 0, 4, 4, 0, 0, 4, 4, 0, 0, 4, 0, 0, 0, 0, 4, 0, 0, 4, 0, 0, 0, 0, 3, 0, 0, 0, 4, 0, 4, 0, 0, 0, 0, 0, 0, 4, 0, 0, 4, 0, 0, 0, 4, 4, 0, 3, 0, 4, 0, 4, 0, 4, 0, 0, 0, 4, 4, 0, 0, 0, 0, 4, 0, 0, 0, 0, 0, 0, 4, 3, 4, 0, 0, 0, 0, 4, 0, 0, 0, 4, 0, 0, 4, 0, 0, 0, 0, 0, 0, 0, 4, 0, 0, 4, 0, 4, 4, 0, 0, 0, 0, 0, 4, 0, 0, 0, 0, 0, 0, 0, 0, 4, 0, 0]
DS8 : [4, 0, 0, 0, 0, 0, 0, 4, 0, 0, 0, 0, 0, 0, 3, 4, 3, 0, 4, 0, 0, 0, 0, 0, 4, 0, 0, 0, 0, 0, 0, 0, 0, 0, 0, 0, 0, 0, 0, 0, 0, 4, 4, 0, 4, 0, 4, 0, 4, 4, 0, 0, 0, 4, 0, 3, 0, 0, 0, 0, 4, 0, 0, 0, 4, 0, 0, 0, 0, 0, 0, 0, 0, 0, 0, 0, 4, 0, 4, 4, 4, 0, 0, 3, 0, 4, 0, 0, 4, 4, 0, 0, 0, 0, 3, 4, 0, 0, 0, 0, 0, 4, 4, 0, 0, 0, 0, 0, 0, 0, 4, 3, 0, 0, 0, 3, 0, 0, 0, 0, 0, 0, 0, 0, 0, 0, 3, 0, 4, 0, 0, 0, 4, 4, 0, 0, 0, 0, 0, 0, 0, 0, 4, 0, 4, 4, 0, 0, 0, 0, 0, 0, 0, 0, 0, 0, 0, 0, 0, 0, 0, 0, 0, 0, 0, 0, 4, 0, 4, 0, 0, 4, 0, 0, 0, 0, 4, 4, 0, 0, 0, 0, 4, 0, 3, 4, 0, 0, 0, 0, 4, 0, 0, 0, 0, 0, 4, 0, 0, 0, 0, 0, 0, 3, 0, 0, 0, 4, 0, 0, 0, 4, 0, 0, 0, 4, 0, 0, 0, 0, 0, 0, 3, 0, 4, 0, 0, 0, 0, 4, 0, 0, 0, 4, 4, 0, 0, 0, 0, 0, 0, 0, 0, 0, 0, 0, 4, 4, 0, 0, 0, 0, 0, 4, 4, 0, 0, 0, 0, 0, 0, 0, 0, 4, 4, 0, 0, 0, 0, 0, 4, 0, 0, 4, 0, 0, 0, 0, 0, 0, 4, 0, 0, 4, 0, 4, 0, 0, 0, 0, 4, 3, 0, 0, 0, 0, 0, 0, 0, 4]
