 --- RESULTS --- 
Dataset topology:  1
Runs per dataset:  10
Algorithm:  Simulated Annealing
Operators:  [<function upgradeCells at 0x7f4387786050>, <function downgradeCells at 0x7f43877860e0>, <function swapCells at 0x7f4387786170>, <function deployConnected at 0x7f4387786200>]
Initial deployment:  True
Notes:  T_ini = 100, T_end = 0.01 

DS1_U : [2.756316237619253, 0.012134011972432914, 0.9724999999999998, 1690.8, 41.50269692241372, 61.8990136384964]
DS2_U : [2.8483604331807237, 0.010275711793648628, 0.9879999999999999, 1999.0, 115.44278950721882, 125.63006343841553]
DS3_U : [2.8521753351497887, 0.010586996243836891, 0.9888999999999999, 1976.1, 230.319984824823, 248.28119814395905]
DS4_U : [2.5691791812433067, 0.011312764477954727, 0.8957499999999999, 4888.8, 74.99931052361383, 212.56054961681366]
DS5_U : [2.676806323758669, 0.01871165468303582, 0.9615499999999999, 7279.0, 328.70938783914215, 448.70226283073424]
DS6_U : [2.6668270724849807, 0.017600139536043318, 0.9742, 7622.4, 737.8135410599746, 890.8157185316086]
DS7_U : [2.480479770726144, 0.02794387317088684, 0.8882000000000001, 11049.1, 231.55099596408573, 822.1147613286972]
DS8_U : [2.493703903446158, 0.02370541896869356, 0.959225, 16611.6, 726.3719356970579, 1309.4873118638993]

--- BEST FOUND SOLUTIONS --- 

DS1_U : [3, 1, 2, 4, 1, 0, 1, 3, 1, 4, 2, 1, 1, 4, 2, 0, 0, 2, 4, 1, 1, 1, 2, 1, 0, 0, 0, 1, 0, 4, 4, 2, 4, 0, 4, 1, 2, 1, 1, 1, 2, 1, 0, 1, 2, 0, 1, 4, 1, 2]
DS2_U : [1, 0, 2, 2, 2, 0, 2, 4, 1, 2, 0, 1, 2, 4, 3, 1, 4, 2, 1, 0, 0, 1, 2, 1, 1, 1, 1, 3, 2, 4, 1, 3, 1, 1, 1, 1, 1, 2, 0, 2, 1, 0, 4, 1, 1, 2, 2, 1, 4, 4, 2, 3, 1, 1, 2, 0, 4, 0, 1, 2, 1, 1, 1, 2, 2, 1, 1, 0, 2, 3, 2, 3, 2, 0, 1, 0, 0, 1, 4, 2, 2, 1, 1, 2, 2, 4, 1, 1, 1, 1, 2, 2, 1, 2, 2, 1, 2, 1, 2, 1]
DS3_U : [1, 1, 1, 1, 1, 1, 2, 2, 2, 1, 4, 1, 1, 4, 1, 2, 0, 2, 2, 2, 0, 1, 4, 3, 1, 1, 0, 2, 4, 1, 0, 1, 2, 2, 2, 1, 1, 1, 1, 1, 1, 1, 2, 1, 4, 4, 0, 2, 2, 1, 1, 1, 2, 1, 1, 1, 1, 3, 1, 1, 2, 1, 2, 1, 0, 2, 0, 1, 0, 2, 2, 1, 0, 1, 2, 2, 0, 2, 1, 4, 2, 2, 4, 4, 4, 4, 2, 1, 2, 1, 2, 1, 2, 1, 1, 1, 3, 2, 2, 2]
DS4_U : [2, 1, 4, 1, 1, 1, 2, 2, 2, 2, 4, 1, 4, 2, 1, 4, 1, 1, 1, 2, 4, 2, 2, 2, 4, 3, 2, 1, 1, 0, 1, 1, 4, 2, 3, 2, 4, 2, 4, 4, 4, 2, 1, 1, 4, 4, 4, 1, 4, 2, 1, 1, 2, 4, 1, 0, 1, 0, 2, 3, 0, 2, 1, 1, 1, 4, 2, 0, 2, 2, 1, 2, 4, 4, 1, 1, 2, 2, 1, 4, 2, 1, 4, 1, 2, 4, 1, 4, 2, 2, 4, 4, 2, 2, 3, 2, 2, 4, 4, 2]
DS5_U : [2, 2, 2, 3, 4, 2, 4, 2, 4, 2, 2, 1, 3, 4, 2, 3, 2, 1, 0, 1, 4, 2, 3, 2, 2, 4, 2, 1, 1, 3, 1, 3, 2, 1, 3, 1, 1, 1, 3, 1, 3, 2, 2, 2, 2, 1, 1, 3, 2, 4, 2, 1, 4, 3, 2, 1, 3, 1, 0, 4, 1, 1, 0, 2, 2, 2, 0, 4, 4, 3, 1, 1, 3, 4, 3, 2, 0, 1, 3, 1, 2, 2, 1, 4, 1, 2, 4, 3, 2, 1, 2, 0, 3, 2, 2, 3, 1, 1, 1, 3, 2, 2, 4, 4, 1, 1, 1, 2, 2, 3, 1, 4, 4, 2, 2, 1, 4, 3, 1, 1, 1, 1, 1, 4, 3, 2, 3, 0, 3, 3, 1, 4, 1, 0, 1, 4, 2, 2, 3, 2, 4, 2, 1, 2, 1, 2, 4, 3, 2, 1, 4, 3, 2, 0, 4, 1, 1, 2, 2, 0, 2, 0, 3, 4, 3, 1, 1, 4, 1, 0, 1, 1, 4, 4, 1, 2, 1, 1, 1, 4, 2, 1, 2, 2, 2, 4, 2, 2, 1, 2, 3, 2, 3, 2, 4, 1, 3, 3, 2, 2]
DS6_U : [4, 2, 2, 4, 2, 4, 2, 2, 0, 4, 2, 0, 2, 2, 4, 3, 3, 2, 4, 1, 2, 1, 1, 3, 1, 2, 2, 1, 3, 2, 3, 0, 0, 2, 1, 1, 2, 3, 1, 1, 1, 3, 4, 2, 2, 3, 4, 1, 3, 3, 2, 0, 0, 1, 1, 2, 2, 2, 3, 4, 2, 3, 3, 1, 2, 4, 2, 2, 0, 1, 2, 1, 4, 4, 1, 2, 1, 2, 1, 1, 2, 4, 2, 1, 3, 2, 2, 3, 2, 3, 3, 0, 2, 2, 0, 1, 2, 2, 1, 2, 3, 4, 3, 1, 3, 1, 4, 0, 4, 1, 4, 1, 3, 2, 3, 0, 0, 2, 2, 1, 1, 2, 2, 3, 4, 4, 3, 2, 1, 4, 3, 0, 2, 3, 2, 1, 2, 1, 4, 4, 4, 3, 2, 4, 2, 4, 4, 1, 3, 1, 1, 4, 2, 1, 3, 2, 1, 3, 4, 2, 2, 3, 3, 1, 4, 4, 1, 4, 3, 0, 4, 1, 4, 1, 0, 2, 3, 0, 4, 0, 3, 1, 1, 1, 4, 1, 4, 2, 2, 2, 1, 0, 1, 0, 2, 2, 4, 2, 2, 3]
DS7_U : [1, 1, 2, 1, 2, 3, 4, 2, 2, 1, 3, 4, 3, 4, 2, 2, 4, 3, 2, 2, 1, 2, 1, 1, 4, 4, 4, 1, 2, 0, 1, 2, 2, 3, 4, 2, 4, 4, 2, 1, 3, 2, 2, 2, 4, 2, 1, 2, 4, 1, 1, 2, 1, 4, 4, 3, 4, 2, 4, 0, 4, 1, 3, 3, 1, 2, 3, 4, 2, 4, 4, 1, 1, 2, 1, 4, 3, 1, 2, 3, 4, 3, 4, 1, 2, 4, 2, 4, 1, 1, 2, 4, 4, 4, 1, 4, 1, 4, 3, 1, 4, 2, 2, 4, 2, 1, 1, 3, 0, 1, 1, 4, 3, 1, 1, 1, 4, 4, 2, 1, 4, 4, 2, 4, 4, 2, 2, 2, 4, 1, 2, 4, 2, 4, 3, 2, 4, 1, 2, 4, 4, 4, 4, 4, 1, 3, 1, 2, 4, 2, 2, 4, 4, 1, 2, 4, 2, 4, 2, 4, 1, 4, 3, 4, 2, 2, 1, 4, 1, 4, 1, 4, 4, 1, 4, 1, 1, 1, 4, 4, 3, 1, 2, 1, 1, 4, 2, 4, 2, 2, 4, 2, 3, 1, 4, 2, 1, 4, 1, 1]
DS8_U : [1, 4, 4, 4, 1, 4, 4, 2, 4, 1, 4, 4, 4, 1, 2, 4, 2, 4, 3, 1, 4, 3, 1, 4, 3, 3, 3, 4, 4, 1, 1, 2, 1, 3, 2, 3, 1, 1, 1, 2, 2, 3, 3, 3, 0, 2, 2, 2, 2, 3, 3, 2, 1, 4, 4, 3, 4, 1, 1, 2, 3, 3, 4, 3, 4, 3, 1, 2, 3, 1, 1, 1, 2, 2, 3, 4, 1, 1, 4, 1, 1, 2, 1, 1, 3, 4, 4, 4, 1, 0, 1, 1, 4, 3, 4, 1, 4, 4, 2, 2, 2, 4, 2, 4, 2, 2, 4, 3, 2, 1, 3, 1, 2, 3, 1, 2, 2, 3, 0, 4, 4, 2, 4, 1, 4, 1, 1, 2, 2, 3, 2, 4, 1, 4, 4, 3, 1, 4, 4, 1, 2, 4, 3, 1, 4, 2, 4, 4, 2, 1, 3, 1, 1, 4, 2, 2, 2, 2, 1, 1, 4, 3, 3, 3, 4, 4, 2, 2, 4, 3, 2, 2, 2, 2, 2, 3, 4, 2, 2, 1, 1, 2, 3, 0, 3, 3, 3, 3, 1, 2, 2, 1, 3, 2, 3, 4, 3, 4, 3, 2, 4, 3, 2, 4, 1, 4, 4, 4, 1, 3, 2, 4, 2, 4, 1, 1, 1, 1, 3, 2, 4, 3, 3, 1, 1, 4, 4, 1, 3, 4, 2, 4, 3, 1, 4, 2, 4, 3, 4, 2, 3, 4, 4, 4, 4, 2, 3, 1, 1, 1, 3, 1, 1, 2, 0, 1, 4, 2, 1, 1, 4, 1, 2, 4, 1, 4, 0, 2, 1, 2, 1, 4, 3, 4, 2, 4, 4, 3, 2, 1, 1, 2, 4, 4, 3, 4, 4, 2, 4, 2, 2, 3, 3, 4, 2, 4, 1, 1, 4, 4]
