 --- RESULTS --- 
Runs per dataset:  1
Notes:  Improved copy of deployments
DS1 : [2.7159176623381054, 0.0, 0.93, 0.8314285714285714, 0.9544890909095337, 17.056501150131226]
DS2 : [2.8813499272404326, 0.0, 0.984, 0.9057142857142857, 0.991635641526147, 20.672704696655273]
DS3 : [2.877051120277377, 0.0, 0.975, 0.9142857142857143, 0.9877654059916632, 36.69423699378967]
DS4 : [2.6243512310357477, 0.0, 0.91, 0.7314285714285714, 0.9829226596071763, 49.11730432510376]
DS5 : [2.819575296895229, 0.0, 0.9875, 0.8357142857142857, 0.9963610111809433, 88.48602867126465]
DS6 : [2.808991969342448, 0.0, 0.9695, 0.8457142857142858, 0.9937776836281624, 179.40881490707397]
DS7 : [2.6016668760548485, 0.0, 0.8925, 0.7114285714285714, 0.9977383046262772, 183.0430302619934]
DS8 : [2.716517605571413, 0.0, 0.93125, 0.7980952380952381, 0.9871723674761751, 253.47899889945984]

--- BEST FOUND SOLUTIONS --- 

DS1 : [0, 0, 0, 0, 0, 0, 0, 0, 0, 0, 0, 0, 0, 0, 0, 4, 0, 4, 0, 0, 0, 0, 0, 0, 0, 4, 0, 0, 0, 0, 0, 0, 0, 3, 0, 3, 3, 4, 0, 0, 4, 0, 0, 4, 0, 4, 0, 0, 0, 4]
DS2 : [4, 0, 0, 0, 0, 4, 0, 0, 0, 3, 0, 0, 0, 0, 0, 0, 3, 0, 0, 4, 0, 4, 0, 0, 0, 0, 0, 4, 0, 0, 0, 0, 0, 0, 0, 0, 0, 0, 0, 0, 0, 0, 0, 4, 0, 0, 0, 0, 0, 0, 0, 0, 0, 0, 0, 0, 0, 0, 0, 4, 4, 0, 0, 0, 0, 0, 0, 0, 0, 0, 0, 0, 0, 0, 0, 0, 0, 0, 0, 0, 0, 0, 0, 0, 0, 0, 0, 0, 0, 0, 3, 0, 0, 0, 4, 0, 0, 0, 0, 0]
DS3 : [0, 0, 0, 4, 0, 0, 0, 0, 0, 0, 4, 0, 0, 0, 0, 0, 0, 0, 0, 0, 0, 0, 0, 3, 0, 0, 4, 0, 0, 0, 0, 3, 0, 0, 0, 4, 0, 0, 0, 0, 0, 0, 4, 0, 0, 0, 3, 0, 0, 0, 0, 0, 0, 0, 0, 0, 0, 0, 0, 0, 0, 0, 0, 4, 0, 0, 0, 0, 0, 0, 0, 0, 0, 0, 0, 0, 0, 0, 4, 0, 0, 0, 0, 0, 0, 0, 4, 0, 0, 0, 0, 3, 0, 0, 0, 0, 0, 0, 0, 0]
DS4 : [0, 4, 0, 0, 4, 0, 0, 0, 0, 0, 0, 0, 4, 0, 0, 0, 0, 0, 0, 4, 0, 4, 3, 0, 0, 0, 0, 4, 4, 4, 0, 0, 0, 4, 0, 0, 0, 0, 0, 0, 0, 0, 0, 0, 0, 0, 3, 4, 4, 0, 4, 0, 0, 0, 0, 0, 0, 0, 4, 0, 4, 3, 0, 0, 0, 4, 0, 0, 4, 4, 0, 4, 4, 4, 3, 0, 4, 0, 0, 0, 4, 0, 0, 0, 4, 0, 3, 0, 4, 0, 0, 4, 0, 0, 0, 0, 0, 4, 3, 0]
DS5 : [3, 0, 0, 0, 0, 4, 0, 0, 0, 0, 0, 0, 3, 0, 0, 0, 4, 0, 0, 0, 4, 0, 4, 0, 0, 0, 0, 3, 4, 0, 4, 4, 0, 0, 0, 0, 0, 0, 0, 3, 0, 0, 0, 4, 0, 0, 0, 0, 3, 0, 0, 0, 0, 0, 0, 0, 0, 0, 0, 4, 0, 0, 0, 0, 0, 4, 0, 0, 0, 0, 0, 0, 0, 0, 0, 0, 0, 0, 0, 0, 0, 4, 0, 0, 0, 0, 0, 0, 0, 4, 0, 0, 0, 0, 0, 3, 0, 4, 0, 0, 4, 0, 0, 0, 0, 4, 0, 0, 3, 0, 0, 4, 4, 4, 0, 4, 0, 0, 0, 0, 0, 0, 4, 0, 0, 0, 0, 4, 0, 3, 4, 4, 0, 0, 0, 0, 3, 4, 0, 4, 0, 0, 0, 0, 0, 0, 4, 3, 0, 3, 0, 0, 3, 0, 0, 0, 0, 0, 0, 0, 0, 0, 0, 0, 0, 0, 0, 0, 4, 0, 0, 0, 4, 0, 0, 0, 0, 0, 0, 0, 0, 0, 0, 4, 0, 4, 0, 0, 0, 0, 0, 0, 0, 0, 0, 0, 4, 0, 0, 3]
DS6 : [0, 0, 0, 0, 0, 0, 0, 0, 0, 0, 0, 0, 0, 0, 0, 4, 0, 0, 3, 0, 0, 0, 0, 0, 0, 0, 0, 0, 0, 4, 0, 4, 0, 3, 4, 4, 0, 4, 4, 0, 0, 0, 0, 0, 0, 0, 0, 4, 0, 0, 4, 0, 3, 0, 0, 0, 0, 0, 4, 0, 0, 0, 0, 0, 4, 4, 0, 0, 0, 0, 0, 0, 0, 4, 0, 3, 0, 0, 0, 0, 0, 4, 0, 0, 0, 4, 0, 3, 0, 3, 0, 0, 0, 3, 0, 4, 0, 0, 0, 0, 0, 0, 0, 0, 0, 0, 0, 0, 0, 0, 0, 0, 0, 3, 0, 3, 0, 0, 0, 0, 3, 0, 0, 4, 0, 0, 0, 0, 0, 4, 0, 0, 0, 3, 0, 0, 0, 0, 4, 4, 0, 0, 0, 4, 0, 0, 0, 4, 0, 0, 3, 0, 0, 0, 0, 0, 4, 0, 0, 3, 0, 0, 4, 0, 0, 0, 0, 0, 0, 0, 0, 0, 0, 0, 0, 0, 0, 4, 0, 0, 4, 0, 4, 4, 0, 0, 4, 0, 0, 0, 0, 0, 0, 0, 0, 0, 0, 0, 0, 0]
DS7 : [0, 4, 0, 0, 4, 0, 0, 3, 4, 0, 0, 4, 4, 0, 4, 0, 4, 0, 0, 3, 4, 0, 4, 0, 0, 0, 0, 0, 4, 0, 0, 0, 0, 0, 0, 4, 0, 0, 3, 0, 0, 4, 0, 0, 4, 0, 0, 4, 4, 4, 4, 0, 0, 0, 0, 0, 4, 0, 0, 0, 4, 0, 4, 4, 0, 0, 0, 0, 4, 4, 0, 4, 0, 0, 3, 0, 0, 0, 0, 4, 0, 0, 0, 0, 0, 0, 4, 4, 4, 4, 0, 4, 0, 0, 3, 0, 0, 4, 4, 0, 0, 3, 0, 0, 4, 4, 4, 0, 0, 4, 0, 0, 0, 0, 4, 0, 3, 4, 0, 3, 4, 0, 3, 0, 0, 0, 3, 0, 0, 4, 0, 0, 0, 0, 0, 4, 0, 0, 4, 0, 0, 0, 0, 0, 4, 0, 0, 0, 0, 0, 0, 0, 0, 0, 4, 0, 0, 4, 0, 0, 0, 4, 0, 4, 4, 0, 0, 0, 0, 0, 0, 0, 4, 0, 0, 0, 3, 0, 4, 4, 4, 0, 0, 0, 0, 0, 3, 0, 4, 0, 0, 4, 0, 0, 0, 0, 0, 4, 0, 4]
DS8 : [0, 0, 0, 0, 4, 0, 4, 4, 0, 0, 0, 0, 0, 3, 0, 0, 3, 0, 0, 0, 0, 0, 4, 0, 4, 0, 0, 0, 0, 0, 4, 0, 3, 4, 0, 0, 0, 0, 0, 4, 3, 4, 0, 0, 4, 0, 4, 0, 0, 0, 0, 4, 3, 0, 0, 4, 0, 0, 0, 0, 0, 0, 0, 0, 0, 0, 4, 0, 0, 0, 0, 4, 0, 0, 0, 0, 4, 0, 0, 4, 4, 3, 0, 4, 0, 0, 0, 0, 0, 0, 0, 0, 0, 4, 0, 0, 0, 0, 0, 0, 0, 0, 3, 4, 0, 4, 0, 0, 0, 0, 4, 0, 0, 0, 0, 0, 0, 4, 0, 0, 4, 4, 4, 0, 0, 4, 0, 4, 0, 0, 0, 0, 4, 4, 0, 0, 4, 4, 0, 0, 0, 0, 0, 0, 0, 0, 0, 0, 0, 0, 3, 0, 0, 0, 4, 0, 0, 0, 0, 0, 0, 0, 0, 4, 0, 0, 0, 0, 0, 4, 0, 0, 4, 0, 0, 0, 4, 4, 4, 0, 4, 0, 0, 0, 3, 0, 0, 0, 3, 0, 0, 0, 0, 0, 0, 0, 0, 0, 0, 0, 0, 0, 0, 0, 0, 4, 0, 4, 0, 0, 0, 0, 0, 0, 0, 4, 0, 4, 0, 0, 0, 4, 0, 0, 4, 0, 0, 0, 0, 4, 0, 4, 0, 0, 0, 0, 0, 0, 0, 0, 0, 0, 0, 4, 0, 0, 0, 0, 0, 0, 4, 0, 0, 0, 4, 4, 0, 0, 3, 0, 0, 0, 0, 0, 0, 0, 0, 4, 0, 0, 4, 0, 4, 0, 0, 0, 4, 0, 0, 0, 0, 4, 0, 0, 0, 0, 4, 0, 0, 0, 0, 0, 0, 0, 0, 0, 0, 0, 0, 0]
