 --- RESULTS --- 
Dataset topology:  1
Runs per dataset:  10
Algorithm:  ALNS-T
Parameters:  {'iter': 20000, 'segment': 350, 'r': 0.05, 't_ini': 6, 't_end': 0.0001, 'alpha': 0.9995, 'init': True, 'oper': [<function upgradeCells at 0x7f28fc01a170>, <function downgradeCells at 0x7f28fc01a200>, <function swapCells at 0x7f28fc01a290>, <function deployConnected at 0x7f28fc01a320>]}
Notes:  - 

DS1_U : [2.7898039194454993, 0.008079801408010899, 0.9605, 1360.5, 28.88693826521605, 50.51919610500336]
DS2_U : [2.899670896289428, 0.0038324739384687657, 0.9936999999999999, 1500.0, 41.28078121675938, 105.34106225967408]
DS3_U : [2.8975315285463585, 0.004021915656601279, 0.9925499999999999, 1532.5, 71.44193385151087, 207.95366022586822]
DS4_U : [2.6353798442743726, 0.013768502768296415, 0.8973000000000001, 4146.3, 36.80051011146147, 247.40125756263734]
DS5_U : [2.8031982423435022, 0.004212819672811639, 0.9703999999999999, 5188.8, 76.70307952230604, 511.7018691301346]
DS6_U : [2.796347102012767, 0.0033913349579943485, 0.96545, 5223.8, 165.73489185498914, 939.7804702758789]
DS7_U : [2.590189084481537, 0.005098478880511972, 0.8773249999999999, 9020.9, 75.22787883669294, 987.5749457120895]
DS8_U : [2.707119077174584, 0.004957929389213259, 0.9263499999999999, 10208.1, 115.5434536161016, 1590.2599954128266]

--- BEST FOUND SOLUTIONS --- 

DS1_U : [0, 0, 0, 0, 0, 0, 0, 0, 4, 0, 0, 0, 0, 0, 0, 4, 0, 4, 0, 0, 0, 0, 0, 4, 0, 0, 0, 0, 0, 0, 4, 0, 0, 0, 0, 0, 4, 4, 0, 0, 0, 4, 0, 0, 0, 0, 0, 0, 0, 0]
DS2_U : [0, 0, 0, 4, 0, 0, 0, 0, 0, 0, 0, 4, 0, 0, 0, 0, 0, 4, 0, 0, 0, 0, 0, 0, 0, 0, 0, 0, 0, 0, 0, 0, 0, 0, 0, 0, 4, 0, 0, 4, 0, 0, 0, 0, 0, 0, 0, 0, 0, 0, 0, 4, 0, 0, 0, 0, 0, 0, 4, 4, 0, 0, 0, 0, 0, 0, 0, 0, 0, 0, 0, 0, 0, 0, 0, 0, 0, 0, 0, 0, 0, 0, 0, 0, 0, 0, 3, 0, 0, 0, 0, 0, 0, 0, 0, 0, 0, 0, 0, 0]
DS3_U : [0, 0, 4, 0, 0, 0, 0, 0, 0, 0, 0, 0, 0, 0, 4, 0, 0, 0, 0, 4, 0, 0, 0, 0, 0, 0, 4, 0, 0, 0, 0, 0, 0, 0, 0, 0, 0, 0, 0, 0, 0, 0, 0, 0, 0, 0, 0, 0, 0, 0, 0, 4, 0, 0, 0, 0, 0, 4, 0, 0, 4, 0, 0, 4, 0, 0, 0, 4, 0, 0, 0, 0, 0, 0, 0, 0, 0, 0, 0, 0, 0, 0, 0, 0, 0, 0, 0, 0, 0, 0, 0, 0, 0, 0, 0, 0, 0, 0, 0, 0]
DS4_U : [0, 0, 0, 4, 0, 0, 0, 0, 4, 0, 0, 0, 0, 4, 4, 0, 0, 0, 0, 0, 0, 0, 0, 4, 0, 0, 0, 0, 4, 4, 0, 0, 0, 0, 0, 0, 0, 0, 0, 1, 0, 0, 0, 4, 3, 0, 4, 4, 0, 0, 0, 3, 4, 0, 0, 0, 0, 0, 0, 0, 0, 4, 0, 0, 0, 0, 0, 0, 4, 0, 0, 4, 0, 0, 0, 4, 0, 4, 4, 4, 4, 0, 0, 4, 0, 0, 0, 0, 3, 0, 4, 4, 0, 0, 0, 4, 4, 0, 0, 0]
DS5_U : [0, 4, 0, 0, 0, 0, 4, 0, 0, 0, 0, 0, 0, 1, 0, 0, 4, 4, 0, 0, 0, 0, 4, 0, 0, 0, 0, 0, 0, 0, 4, 0, 0, 4, 1, 0, 4, 0, 0, 0, 0, 4, 0, 0, 0, 0, 0, 0, 0, 0, 0, 0, 0, 0, 0, 0, 4, 0, 0, 0, 0, 0, 0, 0, 0, 0, 0, 4, 0, 0, 4, 4, 0, 0, 4, 0, 0, 0, 0, 0, 0, 0, 0, 0, 0, 1, 0, 3, 0, 0, 0, 0, 1, 0, 1, 4, 4, 4, 0, 0, 0, 0, 3, 0, 1, 4, 0, 1, 4, 0, 0, 0, 0, 0, 0, 0, 0, 0, 0, 0, 0, 0, 0, 0, 0, 0, 0, 0, 0, 0, 0, 4, 0, 0, 0, 0, 0, 0, 0, 1, 0, 0, 0, 0, 0, 0, 0, 0, 0, 0, 0, 0, 0, 0, 1, 0, 0, 4, 0, 0, 0, 0, 0, 0, 0, 0, 0, 0, 0, 0, 0, 0, 0, 0, 4, 0, 4, 0, 0, 0, 0, 4, 0, 0, 0, 4, 0, 0, 0, 4, 4, 4, 0, 0, 0, 0, 0, 0, 0, 0]
DS6_U : [0, 1, 0, 0, 0, 4, 0, 0, 0, 0, 0, 4, 0, 0, 0, 0, 0, 0, 4, 4, 0, 0, 4, 0, 0, 0, 0, 0, 0, 0, 0, 0, 0, 1, 0, 0, 0, 3, 0, 0, 4, 0, 0, 0, 0, 0, 0, 0, 0, 0, 4, 0, 0, 0, 0, 0, 0, 0, 0, 0, 0, 0, 0, 0, 0, 4, 0, 0, 0, 0, 0, 0, 0, 0, 4, 0, 4, 0, 0, 0, 0, 4, 0, 0, 0, 0, 0, 0, 0, 4, 0, 0, 0, 4, 0, 0, 0, 0, 0, 4, 0, 0, 4, 0, 0, 4, 4, 0, 0, 0, 4, 0, 0, 0, 0, 0, 0, 0, 0, 4, 0, 0, 0, 0, 0, 4, 0, 0, 0, 0, 0, 0, 0, 0, 0, 3, 0, 0, 0, 0, 0, 1, 0, 0, 0, 0, 0, 0, 0, 0, 0, 0, 0, 0, 0, 0, 0, 1, 1, 0, 0, 0, 0, 0, 4, 0, 0, 4, 0, 0, 0, 0, 4, 0, 4, 0, 0, 0, 0, 0, 4, 0, 0, 0, 0, 0, 4, 0, 0, 4, 0, 0, 0, 0, 0, 0, 0, 0, 0, 0]
DS7_U : [1, 0, 0, 0, 0, 0, 0, 4, 0, 0, 1, 0, 4, 0, 0, 0, 0, 0, 0, 0, 0, 0, 0, 1, 0, 1, 0, 0, 1, 1, 0, 0, 4, 3, 0, 4, 4, 4, 0, 4, 4, 4, 4, 4, 0, 0, 0, 2, 0, 0, 0, 4, 4, 0, 0, 0, 0, 0, 3, 0, 0, 0, 0, 0, 0, 4, 4, 4, 0, 0, 0, 0, 0, 0, 0, 0, 0, 0, 1, 0, 0, 0, 4, 0, 0, 0, 0, 4, 0, 0, 0, 4, 0, 0, 0, 0, 0, 4, 0, 0, 0, 1, 0, 0, 1, 4, 0, 0, 0, 0, 0, 0, 4, 0, 4, 4, 0, 0, 0, 4, 0, 0, 4, 0, 4, 0, 0, 0, 0, 0, 4, 0, 0, 4, 4, 0, 4, 2, 0, 4, 0, 4, 0, 0, 4, 0, 0, 0, 4, 4, 1, 0, 0, 4, 4, 0, 4, 0, 0, 0, 4, 4, 4, 0, 0, 4, 0, 0, 0, 0, 0, 0, 0, 4, 0, 0, 0, 0, 0, 0, 0, 4, 0, 0, 0, 0, 0, 0, 0, 4, 0, 0, 1, 1, 4, 1, 0, 0, 4, 4]
DS8_U : [0, 4, 0, 0, 4, 0, 0, 4, 0, 0, 0, 4, 2, 4, 0, 4, 0, 0, 0, 0, 0, 1, 0, 1, 1, 0, 0, 0, 4, 1, 0, 0, 0, 0, 0, 1, 4, 0, 0, 0, 0, 4, 0, 3, 0, 4, 0, 4, 0, 0, 0, 4, 1, 4, 4, 0, 4, 0, 0, 4, 0, 4, 0, 3, 1, 0, 0, 0, 0, 0, 4, 0, 0, 0, 0, 0, 4, 0, 4, 0, 0, 0, 2, 0, 0, 0, 4, 0, 0, 0, 0, 0, 0, 0, 0, 0, 0, 0, 0, 0, 4, 0, 0, 1, 3, 0, 4, 0, 0, 0, 4, 0, 0, 0, 0, 0, 0, 0, 0, 1, 0, 0, 0, 4, 0, 0, 0, 4, 4, 0, 1, 4, 0, 0, 0, 4, 0, 1, 0, 0, 4, 0, 0, 0, 0, 0, 4, 0, 0, 0, 0, 0, 4, 0, 0, 0, 3, 0, 0, 4, 0, 0, 0, 4, 0, 0, 1, 0, 4, 0, 0, 0, 0, 0, 0, 0, 0, 4, 0, 0, 0, 0, 1, 0, 0, 0, 0, 4, 4, 0, 0, 0, 0, 0, 0, 4, 0, 0, 0, 0, 0, 1, 0, 4, 0, 0, 0, 0, 4, 4, 0, 0, 0, 0, 1, 4, 0, 0, 0, 0, 4, 4, 0, 4, 0, 0, 0, 0, 0, 0, 0, 0, 0, 0, 4, 0, 0, 0, 0, 1, 0, 0, 0, 0, 0, 0, 0, 0, 1, 1, 0, 4, 0, 0, 0, 4, 4, 0, 1, 0, 0, 0, 4, 0, 0, 0, 0, 0, 0, 0, 0, 0, 4, 4, 0, 0, 0, 0, 0, 0, 0, 0, 0, 0, 4, 0, 0, 0, 4, 0, 0, 0, 0, 4, 4, 4, 0, 0, 0, 0]