 --- RESULTS --- 
Dataset topology:  1
Runs per dataset:  10
Algorithm:  ALNS-T
Parameters:  {'iter': 20000, 'segment': 350, 'r': 0.05, 't_ini': 10, 'alpha': 0.9995, 'init': True, 'oper': [<function upgradeCells at 0x7fd031982170>, <function downgradeCells at 0x7fd031982200>, <function swapCells at 0x7fd031982290>, <function deployConnected at 0x7fd031982320>]}
Notes:  - 

DS1_U : [2.7895000961066856, 0.008630945119509948, 0.9667999999999999, 1417.1, 29.143803452575032, 79.5075942516327]
DS2_U : [2.8924186394452995, 0.005568453495877999, 0.9909000000000001, 1574.0, 42.39131769574371, 143.72960228919982]
DS3_U : [2.8943121149607136, 0.004499651826818802, 0.9934, 1577.1, 86.03187330838827, 297.9215456724167]
DS4_U : [2.6313979675248715, 0.014635001280954007, 0.8983500000000001, 4210.7, 38.79139798992203, 338.6201224565506]
DS5_U : [2.7936616670597987, 0.005857441602791031, 0.9641500000000001, 5267.7, 80.88135994042617, 679.6183520555496]
DS6_U : [2.79024747132148, 0.008086062240155753, 0.956175, 5188.8, 147.57328428969612, 1276.2915206193925]

--- BEST FOUND SOLUTIONS --- 

DS1_U : [4, 0, 0, 0, 0, 0, 0, 0, 4, 0, 0, 0, 0, 0, 0, 4, 0, 4, 0, 0, 0, 0, 0, 4, 0, 0, 0, 0, 0, 0, 4, 0, 0, 0, 0, 0, 0, 4, 0, 0, 0, 4, 0, 0, 0, 0, 0, 0, 0, 0]
DS2_U : [0, 4, 0, 4, 0, 0, 0, 0, 0, 0, 0, 0, 4, 0, 0, 0, 0, 0, 0, 0, 0, 0, 0, 0, 0, 0, 0, 0, 4, 0, 0, 0, 0, 0, 0, 0, 3, 0, 0, 0, 0, 0, 0, 0, 0, 0, 0, 0, 0, 0, 0, 0, 0, 0, 0, 0, 0, 0, 0, 0, 0, 0, 0, 0, 0, 0, 0, 0, 0, 4, 0, 0, 0, 0, 4, 0, 4, 0, 0, 0, 0, 0, 0, 0, 0, 0, 0, 0, 4, 0, 0, 0, 0, 0, 0, 0, 0, 0, 0, 0]
DS3_U : [0, 0, 0, 0, 0, 0, 0, 0, 0, 0, 1, 0, 0, 0, 0, 0, 0, 0, 0, 0, 4, 0, 0, 0, 0, 0, 0, 4, 0, 0, 4, 0, 4, 0, 0, 0, 0, 0, 0, 0, 0, 0, 0, 0, 0, 0, 0, 0, 4, 0, 4, 0, 0, 0, 0, 0, 1, 1, 0, 0, 4, 0, 1, 0, 0, 0, 0, 0, 0, 4, 1, 0, 0, 0, 0, 0, 4, 0, 0, 0, 0, 0, 0, 2, 0, 0, 1, 0, 0, 0, 0, 0, 0, 0, 1, 0, 0, 0, 0, 0]
DS4_U : [0, 0, 0, 0, 4, 0, 0, 0, 4, 0, 4, 0, 0, 0, 4, 0, 0, 0, 1, 0, 0, 0, 0, 0, 0, 0, 0, 2, 4, 0, 0, 0, 1, 0, 0, 0, 1, 0, 0, 0, 0, 0, 0, 4, 0, 0, 4, 4, 4, 4, 0, 3, 0, 0, 4, 0, 0, 4, 0, 0, 0, 4, 0, 0, 4, 1, 0, 0, 4, 0, 0, 4, 4, 0, 0, 4, 0, 0, 4, 4, 0, 0, 0, 2, 0, 0, 0, 0, 0, 0, 4, 4, 0, 0, 0, 0, 4, 0, 0, 0]
DS5_U : [0, 0, 1, 0, 0, 0, 0, 4, 0, 0, 0, 0, 4, 0, 0, 0, 0, 4, 0, 0, 0, 0, 0, 0, 0, 0, 3, 2, 0, 4, 0, 3, 0, 0, 0, 4, 0, 0, 0, 0, 0, 0, 0, 0, 0, 0, 0, 1, 0, 0, 2, 0, 0, 0, 4, 0, 0, 4, 4, 0, 4, 2, 0, 2, 0, 0, 0, 4, 0, 0, 1, 0, 0, 0, 4, 4, 0, 0, 0, 0, 0, 0, 1, 0, 0, 0, 0, 3, 2, 0, 4, 0, 0, 0, 0, 0, 4, 0, 0, 1, 0, 1, 3, 4, 0, 3, 0, 0, 4, 0, 0, 4, 0, 0, 0, 0, 0, 0, 0, 0, 0, 0, 0, 0, 0, 0, 0, 0, 4, 0, 0, 0, 0, 1, 4, 0, 0, 0, 0, 0, 1, 4, 0, 0, 0, 1, 1, 0, 4, 0, 0, 0, 0, 0, 0, 0, 0, 0, 0, 1, 0, 0, 0, 4, 0, 0, 0, 0, 0, 0, 4, 0, 1, 0, 0, 0, 0, 0, 0, 0, 0, 0, 0, 4, 4, 0, 0, 0, 2, 0, 0, 4, 4, 0, 0, 2, 4, 0, 3, 0]
DS6_U : [0, 0, 0, 0, 0, 4, 0, 4, 0, 0, 4, 4, 0, 0, 4, 2, 0, 0, 0, 0, 1, 0, 0, 0, 0, 0, 0, 1, 0, 0, 4, 2, 0, 0, 4, 4, 4, 0, 1, 0, 4, 0, 0, 0, 0, 0, 0, 1, 0, 0, 0, 0, 0, 0, 0, 0, 0, 0, 0, 0, 0, 0, 0, 0, 2, 0, 0, 0, 0, 0, 4, 0, 0, 0, 4, 0, 0, 0, 0, 0, 0, 1, 2, 0, 0, 0, 0, 0, 0, 2, 0, 0, 0, 0, 0, 4, 0, 0, 3, 0, 0, 4, 0, 0, 0, 0, 0, 0, 0, 0, 0, 0, 0, 0, 0, 0, 4, 0, 0, 0, 0, 1, 0, 0, 0, 0, 0, 4, 4, 0, 0, 4, 0, 0, 0, 0, 1, 0, 1, 0, 0, 0, 0, 0, 0, 4, 0, 4, 4, 0, 0, 0, 2, 0, 0, 0, 4, 1, 0, 0, 4, 0, 0, 4, 4, 0, 0, 0, 0, 0, 0, 0, 4, 0, 0, 1, 0, 0, 0, 0, 0, 0, 0, 0, 0, 4, 4, 0, 0, 1, 0, 0, 0, 0, 0, 0, 0, 1, 0, 4]